1.0797 0.6852 5.9672 7.7320 0.2179 0.02703558765534861
0.6634 0.6741 1.4728 2.8103 0.2745 0.028958929328663563
0.1985 0.5785 1.0612 1.8382 0.4390 0.03780025937218315
0.0133 0.3682 0.7971 1.1786 0.4259 0.03706550984302507
0.0000 0.2692 0.6025 0.8718 0.6560 0.0635465178338248
0.0000 0.2220 0.4799 0.7019 0.8912 0.6207931294515433
0.0000 0.2004 0.3987 0.5991 0.8961 0.6748522506738974
0.0145 0.1859 0.3486 0.5490 0.9064 0.7306605648606765
0.0000 0.1818 0.3164 0.4982 0.9149 0.7585026382896326
0.0323 0.1743 0.3032 0.5098 0.9161 0.7641675029473586
0.0000 0.1737 0.2617 0.4354 0.9195 0.7677044301888425
0.0000 0.1681 0.2607 0.4288 0.9215 0.7687926601021896
0.0000 0.1632 0.2464 0.4095 0.9229 0.7716752798984782
0.0000 0.1654 0.2031 0.3685 0.9223 0.7675331084855961
0.0000 0.1616 0.1745 0.3362 0.9229 0.7715056632010072
0.0000 0.1494 0.1910 0.3404 0.9234 0.7699809539209935
0.0000 0.1417 0.1865 0.3283 0.9228 0.758682039716709
0.0000 0.1272 0.1865 0.3137 0.9226 0.7720881892688093
0.0000 0.1113 0.1661 0.2774 0.9257 0.7769394628771229
0.0000 0.1024 0.1692 0.2716 0.9247 0.7778717201883413
0.0000 0.0925 0.1496 0.2421 0.9260 0.7799824959684283
0.0000 0.0878 0.1339 0.2217 0.9265 0.7798608338595501
0.0000 0.0830 0.1229 0.2059 0.9268 0.7789134280151653
0.0026 0.0789 0.1148 0.1963 0.9167 0.722458923149944
0.0000 0.0770 0.1654 0.2425 0.9256 0.7775113490167952
0.0000 0.0971 0.1543 0.2513 0.9199 0.7678630664333375
0.0000 0.0811 0.1559 0.2370 0.9164 0.7657762125520461
0.0000 0.0765 0.1297 0.2062 0.9203 0.7755315200742715
0.0000 0.0761 0.1064 0.1824 0.9241 0.780581955131672
0.0000 0.0759 0.0935 0.1694 0.9255 0.7823230012885347
0.0000 0.0738 0.0860 0.1598 0.9265 0.7805482679601512
0.0000 0.0719 0.0802 0.1521 0.9278 0.7796550907617875
0.0000 0.0700 0.0757 0.1457 0.9283 0.7772333289635706
0.0005 0.0686 0.0716 0.1407 0.9117 0.686642197554781
1.0797 0.6852 5.9672 7.7320 0.2179 0.02703558765534861
1.1835 0.6728 4.5316 6.3879 0.2179 0.02703558765534861
1.2733 0.6646 3.5745 5.5123 0.8117 0.02703558765534861
1.3126 0.6596 2.9520 4.9242 0.8117 0.02703558765534861
1.3072 0.6572 2.5102 4.4746 0.7290 0.02703558765534861
1.2722 0.6572 2.1749 4.1044 0.7290 0.02703558765534861
1.2079 0.6594 1.9216 3.7889 0.6462 0.02703558765534861
1.1023 0.6632 1.7377 3.5032 0.6462 0.02703558765534861
0.9585 0.6678 1.6148 3.2411 0.5986 0.02703558765534861
0.8047 0.6718 1.5325 3.0090 0.5986 0.02703558765534861
0.6634 0.6741 1.4728 2.8103 0.2745 0.028958929328663563
0.5433 0.6743 1.4169 2.6345 0.2745 0.028958929328663563
0.4471 0.6722 1.3572 2.4764 0.8231 0.028958929328663563
0.3899 0.6676 1.2935 2.3511 0.8231 0.028958929328663563
0.3569 0.6608 1.2343 2.2520 0.8553 0.028958929328663563
0.3232 0.6519 1.1878 2.1629 0.8553 0.028958929328663563
0.2937 0.6411 1.1556 2.0903 0.8774 0.028958929328663563
0.2690 0.6282 1.1306 2.0279 0.8774 0.028958929328663563
0.2440 0.6133 1.1066 1.9639 0.8775 0.028958929328663563
0.2206 0.5968 1.0838 1.9012 0.8775 0.028958929328663563
0.1985 0.5785 1.0612 1.8382 0.4390 0.03780025937218315
0.1764 0.5584 1.0365 1.7714 0.4390 0.03780025937218315
0.1532 0.5371 1.0096 1.6999 0.8718 0.03780025937218315
0.1341 0.5150 0.9807 1.6298 0.8718 0.03780025937218315
0.1160 0.4926 0.9507 1.5592 0.8694 0.03780025937218315
0.0975 0.4703 0.9207 1.4885 0.8694 0.03780025937218315
0.0791 0.4480 0.8907 1.4178 0.8680 0.03780025937218315
0.0616 0.4262 0.8643 1.3520 0.8680 0.03780025937218315
0.0443 0.4054 0.8412 1.2909 0.8665 0.03780025937218315
0.0296 0.3861 0.8187 1.2344 0.8665 0.03780025937218315
0.0133 0.3682 0.7971 1.1786 0.4259 0.03706550984302507
0.0000 0.3519 0.7767 1.1285 0.4259 0.03706550984302507
0.0123 0.3381 0.7430 1.0935 0.8707 0.03706550984302507
0.0000 0.3256 0.7217 1.0473 0.8707 0.03706550984302507
0.0283 0.3153 0.6942 1.0378 0.8755 0.03706550984302507
0.0000 0.3053 0.6771 0.9824 0.8755 0.03706550984302507
0.0218 0.2965 0.6595 0.9778 0.8853 0.03706550984302507
0.0000 0.2881 0.6497 0.9379 0.8853 0.03706550984302507
0.0000 0.2810 0.6371 0.9181 0.8985 0.03706550984302507
0.0027 0.2746 0.6190 0.8963 0.8985 0.03706550984302507
0.0000 0.2692 0.6025 0.8718 0.6560 0.0635465178338248
0.0000 0.2637 0.5852 0.8489 0.6560 0.0635465178338248
0.0085 0.2583 0.5673 0.8341 0.9344 0.0635465178338248
0.0000 0.2537 0.5521 0.8058 0.9344 0.0635465178338248
0.0000 0.2479 0.5405 0.7883 0.9504 0.0635465178338248
0.0267 0.2417 0.5292 0.7977 0.9504 0.0635465178338248
0.0000 0.2373 0.5174 0.7547 0.9633 0.0635465178338248
0.0000 0.2331 0.5099 0.7430 0.9633 0.0635465178338248
0.0124 0.2283 0.5011 0.7417 0.9707 0.0635465178338248
0.0000 0.2262 0.4880 0.7142 0.9707 0.0635465178338248
0.0000 0.2220 0.4799 0.7019 0.8912 0.6207931294515433
0.0000 0.2171 0.4711 0.6882 0.8912 0.6207931294515433
0.0326 0.2139 0.4587 0.7051 0.9770 0.6207931294515433
0.0000 0.2159 0.4449 0.6608 0.9770 0.6207931294515433
0.0000 0.2159 0.4415 0.6573 0.9714 0.6207931294515433
0.0000 0.2106 0.4396 0.6502 0.9714 0.6207931294515433
0.0274 0.2053 0.4353 0.6680 0.9773 0.6207931294515433
0.0000 0.2032 0.4202 0.6234 0.9773 0.6207931294515433
0.0000 0.2010 0.4149 0.6158 0.9775 0.6207931294515433
0.0099 0.1989 0.4115 0.6203 0.9775 0.6207931294515433
0.0000 0.2004 0.3987 0.5991 0.8961 0.6748522506738974
0.0000 0.1992 0.3937 0.5929 0.8961 0.6748522506738974
0.0000 0.1942 0.3911 0.5854 0.9789 0.6748522506738974
0.0013 0.1922 0.3860 0.5795 0.9789 0.6748522506738974
0.0000 0.1948 0.3712 0.5660 0.9783 0.6748522506738974
0.0000 0.1957 0.3664 0.5621 0.9783 0.6748522506738974
0.0019 0.1915 0.3649 0.5583 0.9794 0.6748522506738974
0.0000 0.1915 0.3542 0.5457 0.9794 0.6748522506738974
0.0000 0.1884 0.3518 0.5402 0.9796 0.6748522506738974
0.0000 0.1865 0.3517 0.5382 0.9796 0.6748522506738974
0.0145 0.1859 0.3486 0.5490 0.9064 0.7306605648606765
0.0000 0.1877 0.3368 0.5245 0.9064 0.7306605648606765
0.0000 0.1880 0.3363 0.5243 0.9794 0.7306605648606765
0.0000 0.1842 0.3393 0.5235 0.9794 0.7306605648606765
0.0198 0.1822 0.3398 0.5418 0.9805 0.7306605648606765
0.0000 0.1826 0.3304 0.5130 0.9805 0.7306605648606765
0.0000 0.1818 0.3315 0.5133 0.9800 0.7306605648606765
0.0000 0.1796 0.3340 0.5136 0.9800 0.7306605648606765
0.0012 0.1785 0.3333 0.5130 0.9807 0.7306605648606765
0.0000 0.1808 0.3205 0.5012 0.9807 0.7306605648606765
0.0000 0.1818 0.3164 0.4982 0.9149 0.7585026382896326
0.0000 0.1791 0.3157 0.4948 0.9149 0.7585026382896326
0.0000 0.1779 0.3137 0.4916 0.9812 0.7585026382896326
0.0000 0.1780 0.3078 0.4858 0.9812 0.7585026382896326
0.0000 0.1785 0.2989 0.4773 0.9813 0.7585026382896326
0.0000 0.1799 0.2899 0.4698 0.9813 0.7585026382896326
0.0000 0.1813 0.2828 0.4641 0.9808 0.7585026382896326
0.0126 0.1812 0.2774 0.4712 0.9808 0.7585026382896326
0.0000 0.1830 0.2765 0.4595 0.9806 0.7585026382896326
0.0000 0.1770 0.2899 0.4668 0.9806 0.7585026382896326
0.0323 0.1743 0.3032 0.5098 0.9161 0.7641675029473586
0.0000 0.1728 0.2959 0.4687 0.9161 0.7641675029473586
0.0000 0.1730 0.2949 0.4679 0.9812 0.7641675029473586
0.0000 0.1728 0.2958 0.4686 0.9812 0.7641675029473586
0.0000 0.1718 0.2959 0.4677 0.9813 0.7641675029473586
0.0000 0.1709 0.2940 0.4649 0.9813 0.7641675029473586
0.0000 0.1709 0.2894 0.4603 0.9812 0.7641675029473586
0.0000 0.1716 0.2826 0.4542 0.9812 0.7641675029473586
0.0000 0.1725 0.2748 0.4473 0.9809 0.7641675029473586
0.0000 0.1733 0.2675 0.4408 0.9809 0.7641675029473586
0.0000 0.1737 0.2617 0.4354 0.9195 0.7677044301888425
0.0000 0.1737 0.2570 0.4307 0.9195 0.7677044301888425
0.0079 0.1736 0.2525 0.4340 0.9816 0.7677044301888425
0.0000 0.1752 0.2497 0.4249 0.9816 0.7677044301888425
0.0000 0.1726 0.2568 0.4295 0.9818 0.7677044301888425
0.0000 0.1707 0.2641 0.4348 0.9818 0.7677044301888425
0.0128 0.1698 0.2659 0.4485 0.9822 0.7677044301888425
0.0000 0.1713 0.2548 0.4261 0.9822 0.7677044301888425
0.0000 0.1731 0.2553 0.4284 0.9810 0.7677044301888425
0.0000 0.1706 0.2586 0.4292 0.9810 0.7677044301888425
0.0000 0.1681 0.2607 0.4288 0.9215 0.7687926601021896
0.0000 0.1675 0.2597 0.4271 0.9215 0.7687926601021896
0.0022 0.1677 0.2552 0.4251 0.9814 0.7687926601021896
0.0000 0.1708 0.2457 0.4165 0.9814 0.7687926601021896
0.0000 0.1694 0.2494 0.4188 0.9815 0.7687926601021896
0.0000 0.1658 0.2567 0.4225 0.9815 0.7687926601021896
0.0126 0.1646 0.2609 0.4382 0.9827 0.7687926601021896
0.0000 0.1664 0.2466 0.4130 0.9827 0.7687926601021896
0.0000 0.1682 0.2435 0.4117 0.9812 0.7687926601021896
0.0000 0.1657 0.2450 0.4107 0.9812 0.7687926601021896
0.0000 0.1632 0.2464 0.4095 0.9229 0.7716752798984782
0.0000 0.1629 0.2449 0.4078 0.9229 0.7716752798984782
0.0000 0.1632 0.2397 0.4029 0.9822 0.7716752798984782
0.0000 0.1643 0.2324 0.3967 0.9822 0.7716752798984782
0.0000 0.1662 0.2258 0.3919 0.9817 0.7716752798984782
0.0000 0.1671 0.2207 0.3879 0.9817 0.7716752798984782
0.0000 0.1665 0.2170 0.3835 0.9820 0.7716752798984782
0.0000 0.1655 0.2141 0.3795 0.9820 0.7716752798984782
0.0000 0.1651 0.2112 0.3763 0.9826 0.7716752798984782
0.0000 0.1651 0.2075 0.3726 0.9826 0.7716752798984782
0.0000 0.1654 0.2031 0.3685 0.9223 0.7675331084855961
0.0000 0.1658 0.1987 0.3645 0.9223 0.7675331084855961
0.0000 0.1659 0.1950 0.3609 0.9827 0.7675331084855961
0.0000 0.1655 0.1922 0.3577 0.9827 0.7675331084855961
0.0000 0.1648 0.1897 0.3546 0.9829 0.7675331084855961
0.0000 0.1642 0.1871 0.3514 0.9829 0.7675331084855961
0.0000 0.1637 0.1844 0.3482 0.9831 0.7675331084855961
0.0000 0.1633 0.1818 0.3451 0.9831 0.7675331084855961
0.0000 0.1630 0.1792 0.3422 0.9832 0.7675331084855961
0.0000 0.1625 0.1768 0.3392 0.9832 0.7675331084855961
0.0000 0.1616 0.1745 0.3362 0.9229 0.7715056632010072
0.0000 0.1607 0.1726 0.3333 0.9229 0.7715056632010072
0.0000 0.1598 0.1709 0.3307 0.9833 0.7715056632010072
0.0000 0.1589 0.1691 0.3280 0.9833 0.7715056632010072
0.0000 0.1581 0.1672 0.3253 0.9836 0.7715056632010072
0.0009 0.1572 0.1655 0.3236 0.9836 0.7715056632010072
0.0000 0.1630 0.1695 0.3324 0.9831 0.7715056632010072
0.0000 0.1597 0.1817 0.3413 0.9831 0.7715056632010072
0.0105 0.1537 0.1924 0.3566 0.9834 0.7715056632010072
0.0000 0.1506 0.1855 0.3360 0.9834 0.7715056632010072
0.0000 0.1494 0.1910 0.3404 0.9234 0.7699809539209935
0.0000 0.1462 0.1995 0.3457 0.9234 0.7699809539209935
0.0000 0.1440 0.2053 0.3493 0.9828 0.7699809539209935
0.0000 0.1429 0.2060 0.3489 0.9828 0.7699809539209935
0.0000 0.1425 0.2030 0.3455 0.9823 0.7699809539209935
0.0000 0.1427 0.1990 0.3417 0.9823 0.7699809539209935
0.0000 0.1419 0.1961 0.3380 0.9821 0.7699809539209935
0.0000 0.1399 0.1944 0.3343 0.9821 0.7699809539209935
0.0000 0.1381 0.1929 0.3310 0.9825 0.7699809539209935
0.0003 0.1367 0.1907 0.3276 0.9825 0.7699809539209935
0.0000 0.1417 0.1865 0.3283 0.9228 0.758682039716709
0.0000 0.1389 0.1923 0.3311 0.9228 0.758682039716709
0.0000 0.1338 0.1986 0.3324 0.9842 0.758682039716709
0.0038 0.1331 0.2009 0.3378 0.9842 0.758682039716709
0.0000 0.1367 0.1864 0.3231 0.9829 0.758682039716709
0.0000 0.1401 0.1867 0.3268 0.9829 0.758682039716709
0.0000 0.1340 0.1924 0.3264 0.9833 0.758682039716709
0.0000 0.1294 0.1978 0.3272 0.9833 0.758682039716709
0.0000 0.1282 0.1980 0.3261 0.9830 0.758682039716709
0.0000 0.1265 0.1926 0.3191 0.9830 0.758682039716709
0.0000 0.1272 0.1865 0.3137 0.9226 0.7720881892688093
0.0000 0.1271 0.1828 0.3098 0.9226 0.7720881892688093
0.0000 0.1234 0.1815 0.3049 0.9830 0.7720881892688093
0.0000 0.1200 0.1816 0.3016 0.9830 0.7720881892688093
0.0000 0.1185 0.1809 0.2994 0.9834 0.7720881892688093
0.0000 0.1170 0.1780 0.2950 0.9834 0.7720881892688093
0.0000 0.1167 0.1741 0.2909 0.9838 0.7720881892688093
0.0000 0.1167 0.1708 0.2876 0.9838 0.7720881892688093
0.0000 0.1147 0.1688 0.2835 0.9834 0.7720881892688093
0.0000 0.1126 0.1677 0.2803 0.9834 0.7720881892688093
0.0000 0.1113 0.1661 0.2774 0.9257 0.7769394628771229
0.0000 0.1102 0.1633 0.2735 0.9257 0.7769394628771229
0.0000 0.1097 0.1605 0.2702 0.9835 0.7769394628771229
0.0000 0.1087 0.1582 0.2670 0.9835 0.7769394628771229
0.0000 0.1069 0.1567 0.2636 0.9837 0.7769394628771229
0.0000 0.1053 0.1553 0.2606 0.9837 0.7769394628771229
0.0018 0.1041 0.1536 0.2595 0.9842 0.7769394628771229
0.0000 0.1125 0.1526 0.2651 0.9842 0.7769394628771229
0.0000 0.1093 0.1583 0.2676 0.9840 0.7769394628771229
0.0000 0.1030 0.1656 0.2686 0.9840 0.7769394628771229
0.0000 0.1024 0.1692 0.2716 0.9247 0.7778717201883413
0.0000 0.1000 0.1664 0.2664 0.9247 0.7778717201883413
0.0000 0.1012 0.1621 0.2633 0.9832 0.7778717201883413
0.0000 0.1034 0.1599 0.2633 0.9832 0.7778717201883413
0.0000 0.0996 0.1596 0.2593 0.9830 0.7778717201883413
0.0000 0.0951 0.1610 0.2561 0.9830 0.7778717201883413
0.0000 0.0941 0.1609 0.2550 0.9833 0.7778717201883413
0.0000 0.0931 0.1575 0.2506 0.9833 0.7778717201883413
0.0000 0.0944 0.1533 0.2477 0.9839 0.7778717201883413
0.0000 0.0952 0.1506 0.2458 0.9839 0.7778717201883413
0.0000 0.0925 0.1496 0.2421 0.9260 0.7799824959684283
0.0000 0.0910 0.1494 0.2404 0.9260 0.7799824959684283
0.0000 0.0904 0.1477 0.2381 0.9844 0.7799824959684283
0.0000 0.0905 0.1446 0.2351 0.9844 0.7799824959684283
0.0000 0.0914 0.1421 0.2335 0.9850 0.7799824959684283
0.0000 0.0901 0.1409 0.2311 0.9850 0.7799824959684283
0.0000 0.0886 0.1406 0.2292 0.9849 0.7799824959684283
0.0000 0.0881 0.1396 0.2277 0.9849 0.7799824959684283
0.0000 0.0879 0.1374 0.2253 0.9848 0.7799824959684283
0.0000 0.0885 0.1351 0.2237 0.9848 0.7799824959684283
0.0000 0.0878 0.1339 0.2217 0.9265 0.7798608338595501
0.0000 0.0864 0.1334 0.2198 0.9265 0.7798608338595501
0.0000 0.0858 0.1325 0.2183 0.9848 0.7798608338595501
0.0000 0.0856 0.1307 0.2163 0.9848 0.7798608338595501
0.0000 0.0858 0.1290 0.2148 0.9852 0.7798608338595501
0.0000 0.0852 0.1280 0.2132 0.9852 0.7798608338595501
0.0000 0.0842 0.1274 0.2116 0.9854 0.7798608338595501
0.0000 0.0836 0.1266 0.2101 0.9854 0.7798608338595501
0.0000 0.0833 0.1252 0.2086 0.9855 0.7798608338595501
0.0000 0.0834 0.1239 0.2073 0.9855 0.7798608338595501
0.0000 0.0830 0.1229 0.2059 0.9268 0.7789134280151653
0.0000 0.0822 0.1223 0.2045 0.9268 0.7789134280151653
0.0000 0.0818 0.1215 0.2033 0.9857 0.7789134280151653
0.0000 0.0815 0.1204 0.2019 0.9857 0.7789134280151653
0.0000 0.0814 0.1193 0.2007 0.9859 0.7789134280151653
0.0000 0.0809 0.1186 0.1994 0.9859 0.7789134280151653
0.0000 0.0802 0.1180 0.1982 0.9859 0.7789134280151653
0.0000 0.0798 0.1172 0.1971 0.9859 0.7789134280151653
0.0000 0.0797 0.1162 0.1959 0.9861 0.7789134280151653
0.0000 0.0794 0.1154 0.1948 0.9861 0.7789134280151653
0.0026 0.0789 0.1148 0.1963 0.9167 0.722458923149944
0.0000 0.0897 0.1207 0.2103 0.9167 0.722458923149944
0.0000 0.0817 0.1352 0.2169 0.9846 0.722458923149944
0.0114 0.0821 0.1442 0.2377 0.9846 0.722458923149944
0.0000 0.0982 0.1310 0.2292 0.9825 0.722458923149944
0.0000 0.0909 0.1450 0.2359 0.9825 0.722458923149944
0.0363 0.0763 0.1612 0.2738 0.9842 0.722458923149944
0.0000 0.0781 0.1501 0.2282 0.9842 0.722458923149944
0.0000 0.0792 0.1545 0.2337 0.9830 0.722458923149944
0.0000 0.0773 0.1617 0.2391 0.9830 0.722458923149944
0.0000 0.0770 0.1654 0.2425 0.9256 0.7775113490167952
0.0000 0.0769 0.1642 0.2411 0.9256 0.7775113490167952
0.0000 0.0781 0.1611 0.2392 0.9826 0.7775113490167952
0.0000 0.0774 0.1592 0.2366 0.9826 0.7775113490167952
0.0038 0.0758 0.1581 0.2378 0.9830 0.7775113490167952
0.0000 0.0889 0.1505 0.2395 0.9830 0.7775113490167952
0.0000 0.0836 0.1539 0.2374 0.9832 0.7775113490167952
0.0000 0.0763 0.1620 0.2382 0.9832 0.7775113490167952
0.0014 0.0802 0.1648 0.2463 0.9842 0.7775113490167952
0.0000 0.0889 0.1507 0.2396 0.9842 0.7775113490167952
0.0000 0.0971 0.1543 0.2513 0.9199 0.7678630664333375
0.0000 0.0795 0.1630 0.2425 0.9199 0.7678630664333375
0.0303 0.0836 0.1718 0.2857 0.9828 0.7678630664333375
0.0000 0.0819 0.1548 0.2367 0.9828 0.7678630664333375
0.0000 0.0870 0.1592 0.2463 0.9810 0.7678630664333375
0.0000 0.0802 0.1673 0.2475 0.9810 0.7678630664333375
0.0000 0.0750 0.1731 0.2481 0.9825 0.7678630664333375
0.0000 0.0772 0.1738 0.2510 0.9825 0.7678630664333375
0.0000 0.0750 0.1679 0.2429 0.9820 0.7678630664333375
0.0000 0.0765 0.1605 0.2370 0.9820 0.7678630664333375
0.0000 0.0811 0.1559 0.2370 0.9164 0.7657762125520461
0.0000 0.0802 0.1538 0.2339 0.9164 0.7657762125520461
0.0000 0.0761 0.1528 0.2289 0.9815 0.7657762125520461
0.0000 0.0759 0.1520 0.2279 0.9815 0.7657762125520461
0.0000 0.0759 0.1484 0.2243 0.9819 0.7657762125520461
0.0000 0.0759 0.1431 0.2190 0.9819 0.7657762125520461
0.0000 0.0783 0.1390 0.2173 0.9818 0.7657762125520461
0.0000 0.0785 0.1361 0.2147 0.9818 0.7657762125520461
0.0000 0.0765 0.1343 0.2108 0.9823 0.7657762125520461
0.0000 0.0762 0.1326 0.2088 0.9823 0.7657762125520461
0.0000 0.0765 0.1297 0.2062 0.9203 0.7755315200742715
0.0000 0.0766 0.1258 0.2024 0.9203 0.7755315200742715
0.0000 0.0780 0.1225 0.2005 0.9824 0.7755315200742715
0.0000 0.0778 0.1202 0.1980 0.9824 0.7755315200742715
0.0000 0.0763 0.1187 0.1950 0.9829 0.7755315200742715
0.0000 0.0761 0.1172 0.1933 0.9829 0.7755315200742715
0.0000 0.0760 0.1147 0.1906 0.9833 0.7755315200742715
0.0000 0.0764 0.1116 0.1880 0.9833 0.7755315200742715
0.0000 0.0773 0.1091 0.1864 0.9835 0.7755315200742715
0.0000 0.0766 0.1075 0.1841 0.9835 0.7755315200742715
0.0000 0.0761 0.1064 0.1824 0.9241 0.780581955131672
0.0000 0.0761 0.1048 0.1809 0.9241 0.780581955131672
0.0000 0.0764 0.1027 0.1791 0.9844 0.780581955131672
0.0000 0.0772 0.1008 0.1780 0.9844 0.780581955131672
0.0000 0.0770 0.0995 0.1766 0.9845 0.780581955131672
0.0000 0.0765 0.0987 0.1753 0.9845 0.780581955131672
0.0000 0.0765 0.0976 0.1741 0.9850 0.780581955131672
0.0000 0.0766 0.0961 0.1727 0.9850 0.780581955131672
0.0000 0.0769 0.0948 0.1717 0.9856 0.780581955131672
0.0000 0.0764 0.0940 0.1704 0.9856 0.780581955131672
0.0000 0.0759 0.0935 0.1694 0.9255 0.7823230012885347
0.0000 0.0757 0.0926 0.1683 0.9255 0.7823230012885347
0.0000 0.0758 0.0914 0.1672 0.9858 0.7823230012885347
0.0000 0.0759 0.0905 0.1663 0.9858 0.7823230012885347
0.0000 0.0753 0.0899 0.1652 0.9859 0.7823230012885347
0.0000 0.0749 0.0895 0.1644 0.9859 0.7823230012885347
0.0000 0.0747 0.0886 0.1634 0.9861 0.7823230012885347
0.0000 0.0748 0.0877 0.1625 0.9861 0.7823230012885347
0.0000 0.0746 0.0870 0.1616 0.9863 0.7823230012885347
0.0000 0.0741 0.0865 0.1606 0.9863 0.7823230012885347
0.0000 0.0738 0.0860 0.1598 0.9265 0.7805482679601512
0.0000 0.0736 0.0853 0.1589 0.9265 0.7805482679601512
0.0000 0.0736 0.0845 0.1581 0.9867 0.7805482679601512
0.0000 0.0732 0.0841 0.1573 0.9867 0.7805482679601512
0.0000 0.0729 0.0836 0.1565 0.9868 0.7805482679601512
0.0000 0.0727 0.0830 0.1557 0.9868 0.7805482679601512
0.0000 0.0727 0.0823 0.1550 0.9868 0.7805482679601512
0.0000 0.0724 0.0818 0.1542 0.9868 0.7805482679601512
0.0000 0.0721 0.0814 0.1535 0.9870 0.7805482679601512
0.0000 0.0719 0.0809 0.1528 0.9870 0.7805482679601512
0.0000 0.0719 0.0802 0.1521 0.9278 0.7796550907617875
0.0000 0.0716 0.0798 0.1514 0.9278 0.7796550907617875
0.0000 0.0713 0.0794 0.1507 0.9872 0.7796550907617875
0.0000 0.0712 0.0789 0.1500 0.9872 0.7796550907617875
0.0000 0.0711 0.0783 0.1494 0.9873 0.7796550907617875
0.0000 0.0709 0.0779 0.1488 0.9873 0.7796550907617875
0.0000 0.0707 0.0774 0.1481 0.9873 0.7796550907617875
0.0000 0.0706 0.0769 0.1475 0.9873 0.7796550907617875
0.0000 0.0705 0.0764 0.1469 0.9874 0.7796550907617875
0.0000 0.0702 0.0761 0.1463 0.9874 0.7796550907617875
0.0000 0.0700 0.0757 0.1457 0.9283 0.7772333289635706
0.0000 0.0699 0.0752 0.1451 0.9283 0.7772333289635706
0.0000 0.0697 0.0748 0.1446 0.9876 0.7772333289635706
0.0000 0.0695 0.0745 0.1440 0.9876 0.7772333289635706
0.0000 0.0694 0.0740 0.1434 0.9877 0.7772333289635706
0.0000 0.0693 0.0736 0.1429 0.9877 0.7772333289635706
0.0000 0.0691 0.0732 0.1423 0.9878 0.7772333289635706
0.0000 0.0690 0.0728 0.1418 0.9878 0.7772333289635706
0.0000 0.0689 0.0724 0.1413 0.9878 0.7772333289635706
0.0000 0.0687 0.0720 0.1407 0.9878 0.7772333289635706
0.0005 0.0686 0.0716 0.1407 0.9117 0.686642197554781
0.0000 0.0844 0.0804 0.1648 0.9117 0.686642197554781
0.0593 0.0860 0.0991 0.2444 0.9843 0.686642197554781
0.0000 0.0738 0.0929 0.1667 0.9843 0.686642197554781
0.0097 0.0706 0.1082 0.1885 0.9847 0.686642197554781
0.0000 0.0846 0.1016 0.1862 0.9847 0.686642197554781
0.0000 0.0727 0.1145 0.1872 0.9841 0.686642197554781
0.0437 0.0765 0.1286 0.2488 0.9841 0.686642197554781
0.0000 0.0933 0.1143 0.2075 0.9822 0.686642197554781
0.0000 0.0871 0.1221 0.2092 0.9822 0.686642197554781
0.0234 0.0747 0.1373 0.2354 0.9199 0.759801098919314
0.0000 0.0799 0.1288 0.2087 0.9199 0.759801098919314
0.0000 0.0816 0.1297 0.2113 0.9832 0.759801098919314
0.0000 0.0761 0.1338 0.2098 0.9832 0.759801098919314
0.0135 0.0760 0.1360 0.2255 0.9834 0.759801098919314
0.0000 0.0926 0.1214 0.2141 0.9834 0.759801098919314
0.0000 0.0946 0.1217 0.2164 0.9812 0.759801098919314
0.0000 0.0769 0.1279 0.2049 0.9812 0.759801098919314
0.0337 0.0784 0.1342 0.2463 0.9834 0.759801098919314
0.0000 0.0785 0.1193 0.1977 0.9834 0.759801098919314
0.0000 0.0792 0.1211 0.2003 0.9167 0.7529246390117534
0.0000 0.0747 0.1280 0.2026 0.9167 0.7529246390117534
0.0000 0.0738 0.1311 0.2049 0.9831 0.7529246390117534
0.0000 0.0738 0.1273 0.2012 0.9831 0.7529246390117534
0.0000 0.0720 0.1204 0.1924 0.9829 0.7529246390117534
0.0000 0.0736 0.1142 0.1878 0.9829 0.7529246390117534
0.0000 0.0748 0.1105 0.1853 0.9822 0.7529246390117534
0.0000 0.0733 0.1088 0.1821 0.9822 0.7529246390117534
0.0000 0.0719 0.1076 0.1796 0.9824 0.7529246390117534
0.0000 0.0724 0.1055 0.1779 0.9824 0.7529246390117534
0.0000 0.0725 0.1022 0.1748 0.9204 0.7749063280594678
0.0000 0.0732 0.0990 0.1721 0.9204 0.7749063280594678
0.0000 0.0746 0.0961 0.1707 0.9822 0.7749063280594678
0.0000 0.0750 0.0937 0.1687 0.9822 0.7749063280594678
0.0000 0.0746 0.0919 0.1665 0.9826 0.7749063280594678
0.0000 0.0749 0.0902 0.1651 0.9826 0.7749063280594678
0.0000 0.0754 0.0881 0.1635 0.9830 0.7749063280594678
0.0000 0.0758 0.0858 0.1616 0.9830 0.7749063280594678
0.0000 0.0766 0.0836 0.1602 0.9829 0.7749063280594678
0.0000 0.0769 0.0819 0.1588 0.9829 0.7749063280594678
0.0000 0.0767 0.0804 0.1571 0.9196 0.7794347400658169
0.0000 0.0768 0.0791 0.1559 0.9196 0.7794347400658169
0.0000 0.0769 0.0776 0.1545 0.9829 0.7794347400658169
0.0000 0.0771 0.0759 0.1531 0.9829 0.7794347400658169
0.0000 0.0774 0.0745 0.1519 0.9826 0.7794347400658169
0.0000 0.0772 0.0734 0.1506 0.9826 0.7794347400658169
0.0000 0.0768 0.0725 0.1493 0.9829 0.7794347400658169
0.0000 0.0765 0.0717 0.1481 0.9829 0.7794347400658169
0.0000 0.0762 0.0706 0.1468 0.9832 0.7794347400658169
0.0000 0.0761 0.0696 0.1457 0.9832 0.7794347400658169
0.0000 0.0759 0.0688 0.1447 0.9190 0.7793894376867128
0.0000 0.0754 0.0681 0.1436 0.9190 0.7793894376867128
0.0000 0.0751 0.0675 0.1426 0.9840 0.7793894376867128
0.0000 0.0748 0.0667 0.1416 0.9840 0.7793894376867128
0.0000 0.0747 0.0659 0.1406 0.9844 0.7793894376867128
0.0000 0.0744 0.0653 0.1397 0.9844 0.7793894376867128
0.0000 0.0740 0.0648 0.1388 0.9847 0.7793894376867128
0.0000 0.0737 0.0642 0.1379 0.9847 0.7793894376867128
0.0000 0.0735 0.0636 0.1370 0.9849 0.7793894376867128
0.0000 0.0733 0.0629 0.1362 0.9849 0.7793894376867128
0.0000 0.0731 0.0624 0.1355 0.9211 0.7819812812580157
0.0000 0.0728 0.0619 0.1347 0.9211 0.7819812812580157
0.0000 0.0726 0.0614 0.1340 0.9853 0.7819812812580157
0.0000 0.0725 0.0609 0.1333 0.9853 0.7819812812580157
0.0000 0.0724 0.0603 0.1327 0.9856 0.7819812812580157
0.0000 0.0722 0.0598 0.1320 0.9856 0.7819812812580157
0.0000 0.0720 0.0594 0.1314 0.9858 0.7819812812580157
0.0000 0.0718 0.0590 0.1308 0.9858 0.7819812812580157
0.0000 0.0717 0.0585 0.1302 0.9859 0.7819812812580157
0.0000 0.0715 0.0580 0.1296 0.9859 0.7819812812580157
0.0000 0.0713 0.0577 0.1290 0.9227 0.7828792795494488
0.0000 0.0711 0.0573 0.1284 0.9227 0.7828792795494488
0.0000 0.0709 0.0569 0.1278 0.9862 0.7828792795494488
0.0000 0.0708 0.0565 0.1273 0.9862 0.7828792795494488
0.0000 0.0705 0.0562 0.1267 0.9863 0.7828792795494488
0.0000 0.0703 0.0559 0.1262 0.9863 0.7828792795494488
0.0000 0.0702 0.0555 0.1256 0.9865 0.7828792795494488
0.0000 0.0700 0.0551 0.1251 0.9865 0.7828792795494488
0.0000 0.0698 0.0548 0.1246 0.9867 0.7828792795494488
0.0000 0.0696 0.0545 0.1241 0.9867 0.7828792795494488
0.0000 0.0694 0.0541 0.1236 0.9237 0.7824406866430169
0.0000 0.0693 0.0537 0.1231 0.9237 0.7824406866430169
0.0000 0.0691 0.0535 0.1226 0.9869 0.7824406866430169
0.0000 0.0689 0.0531 0.1221 0.9869 0.7824406866430169
0.0000 0.0688 0.0528 0.1216 0.9870 0.7824406866430169
0.0000 0.0687 0.0524 0.1211 0.9870 0.7824406866430169
0.0000 0.0685 0.0522 0.1206 0.9871 0.7824406866430169
0.0000 0.0683 0.0518 0.1202 0.9871 0.7824406866430169
0.0000 0.0682 0.0515 0.1197 0.9873 0.7824406866430169
0.0000 0.0680 0.0512 0.1193 0.9873 0.7824406866430169
0.0000 0.0679 0.0510 0.1188 0.9248 0.7834944052670981
0.0000 0.0678 0.0506 0.1184 0.9248 0.7834944052670981
0.0000 0.0676 0.0503 0.1180 0.9875 0.7834944052670981
0.0000 0.0675 0.0501 0.1175 0.9875 0.7834944052670981
0.0000 0.0673 0.0498 0.1171 0.9876 0.7834944052670981
0.0000 0.0672 0.0495 0.1167 0.9876 0.7834944052670981
0.0000 0.0671 0.0492 0.1163 0.9878 0.7834944052670981
0.0000 0.0669 0.0489 0.1159 0.9878 0.7834944052670981
0.0000 0.0668 0.0487 0.1154 0.9879 0.7834944052670981
0.0000 0.0667 0.0484 0.1151 0.9879 0.7834944052670981
0.0000 0.0665 0.0481 0.1147 0.9259 0.7847256106374872
0.0000 0.0664 0.0479 0.1143 0.9259 0.7847256106374872
0.0000 0.0663 0.0476 0.1139 0.9881 0.7847256106374872
0.0000 0.0661 0.0474 0.1135 0.9881 0.7847256106374872
0.0000 0.0659 0.0472 0.1131 0.9882 0.7847256106374872
0.0000 0.0658 0.0469 0.1127 0.9882 0.7847256106374872
0.0000 0.0657 0.0467 0.1124 0.9883 0.7847256106374872
0.0000 0.0655 0.0465 0.1120 0.9883 0.7847256106374872
0.0000 0.0654 0.0462 0.1116 0.9884 0.7847256106374872
0.0000 0.0653 0.0460 0.1113 0.9884 0.7847256106374872
0.0000 0.0651 0.0458 0.1109 0.9271 0.7859836850177746
0.0000 0.0650 0.0456 0.1106 0.9271 0.7859836850177746
0.0000 0.0649 0.0453 0.1102 0.9886 0.7859836850177746
0.0000 0.0647 0.0451 0.1099 0.9886 0.7859836850177746
0.0000 0.0646 0.0449 0.1095 0.9887 0.7859836850177746
0.0000 0.0645 0.0447 0.1092 0.9887 0.7859836850177746
0.0000 0.0644 0.0445 0.1088 0.9888 0.7859836850177746
0.0000 0.0643 0.0442 0.1085 0.9888 0.7859836850177746
0.0000 0.0641 0.0441 0.1082 0.9889 0.7859836850177746
0.0000 0.0640 0.0438 0.1079 0.9889 0.7859836850177746
0.0000 0.0639 0.0436 0.1075 0.9277 0.7866044768289289
0.0000 0.0638 0.0435 0.1072 0.9277 0.7866044768289289
0.0000 0.0637 0.0432 0.1069 0.9891 0.7866044768289289
0.0000 0.0635 0.0431 0.1066 0.9891 0.7866044768289289
0.0000 0.0634 0.0429 0.1063 0.9891 0.7866044768289289
0.0000 0.0633 0.0427 0.1060 0.9891 0.7866044768289289
0.0000 0.0632 0.0425 0.1057 0.9892 0.7866044768289289
0.0000 0.0631 0.0423 0.1054 0.9892 0.7866044768289289
0.0000 0.0629 0.0422 0.1051 0.9893 0.7866044768289289
0.0000 0.0629 0.0420 0.1048 0.9893 0.7866044768289289
0.0000 0.0627 0.0418 0.1045 0.9282 0.7874176747199292
0.0000 0.0626 0.0416 0.1042 0.9282 0.7874176747199292
0.0000 0.0625 0.0414 0.1039 0.9895 0.7874176747199292
0.0000 0.0624 0.0412 0.1037 0.9895 0.7874176747199292
0.0000 0.0623 0.0411 0.1034 0.9896 0.7874176747199292
0.0000 0.0622 0.0409 0.1031 0.9896 0.7874176747199292
0.0000 0.0620 0.0408 0.1028 0.9897 0.7874176747199292
0.0000 0.0620 0.0406 0.1025 0.9897 0.7874176747199292
0.0000 0.0618 0.0404 0.1023 0.9897 0.7874176747199292
0.0000 0.0617 0.0403 0.1020 0.9897 0.7874176747199292
0.0000 0.0616 0.0401 0.1017 0.9288 0.7885957004619203
0.0000 0.0615 0.0399 0.1015 0.9288 0.7885957004619203
0.0000 0.0614 0.0398 0.1012 0.9899 0.7885957004619203
0.0000 0.0613 0.0396 0.1009 0.9899 0.7885957004619203
0.0000 0.0612 0.0394 0.1007 0.9899 0.7885957004619203
0.0000 0.0611 0.0393 0.1004 0.9899 0.7885957004619203
0.0000 0.0610 0.0392 0.1001 0.9900 0.7885957004619203
0.0000 0.0609 0.0390 0.0999 0.9900 0.7885957004619203
0.0000 0.0607 0.0389 0.0996 0.9900 0.7885957004619203
0.0000 0.0607 0.0387 0.0994 0.9900 0.7885957004619203
0.0001 0.0605 0.0386 0.0992 0.8985 0.6538127583786892
0.0000 0.0865 0.0437 0.1302 0.8985 0.6538127583786892
0.1531 0.1163 0.0709 0.3403 0.9826 0.6538127583786892
0.0000 0.1224 0.0548 0.1772 0.9826 0.6538127583786892
0.0763 0.1001 0.0754 0.2518 0.9800 0.6538127583786892
0.0305 0.0765 0.0755 0.1825 0.9800 0.6538127583786892
0.0000 0.0891 0.0682 0.1572 0.9816 0.6538127583786892
0.0022 0.0809 0.0765 0.1595 0.9816 0.6538127583786892
0.0000 0.0878 0.0718 0.1595 0.9819 0.6538127583786892
0.0000 0.0807 0.0789 0.1596 0.9819 0.6538127583786892
0.0524 0.0821 0.0858 0.2203 0.9068 0.7285483282968026
0.0000 0.0926 0.0751 0.1677 0.9068 0.7285483282968026
0.0000 0.0956 0.0751 0.1707 0.9805 0.7285483282968026
0.0000 0.0790 0.0782 0.1572 0.9805 0.7285483282968026
0.0622 0.0771 0.0828 0.2221 0.9836 0.7285483282968026
0.0000 0.0752 0.0721 0.1473 0.9836 0.7285483282968026
0.0000 0.0734 0.0709 0.1443 0.9819 0.7285483282968026
0.0000 0.0716 0.0707 0.1423 0.9819 0.7285483282968026
0.0091 0.0709 0.0694 0.1495 0.9826 0.7285483282968026
0.0000 0.0794 0.0588 0.1383 0.9826 0.7285483282968026
