1.1708 0.6851 5.8673 7.7232 0.2131 0.02688784338193849
1.2637 0.6727 4.4488 6.3852 0.2131 0.02688784338193849
1.3442 0.6645 3.5060 5.5147 0.8101 0.02688784338193849
1.3816 0.6596 2.8926 4.9338 0.8101 0.02688784338193849
1.3838 0.6572 2.4546 4.4956 0.7173 0.02688784338193849
1.3627 0.6572 2.1205 4.1404 0.7173 0.02688784338193849
1.3177 0.6593 1.8671 3.8441 0.6188 0.02688784338193849
1.2411 0.6631 1.6813 3.5855 0.6188 0.02688784338193849
1.1280 0.6678 1.5574 3.3532 0.5443 0.02688784338193849
0.9905 0.6722 1.4821 3.1448 0.5443 0.02688784338193849
0.8525 0.6752 1.4331 2.9608 0.2064 0.026731670489644473
0.7365 0.6761 1.3823 2.7950 0.2064 0.026731670489644473
0.6492 0.6746 1.3205 2.6444 0.8040 0.026731670489644473
0.5905 0.6708 1.2541 2.5154 0.8040 0.026731670489644473
0.5622 0.6648 1.1924 2.4193 0.8419 0.026731670489644473
0.5469 0.6568 1.1419 2.3457 0.8419 0.026731670489644473
0.5269 0.6473 1.1052 2.2794 0.8779 0.026731670489644473
0.4993 0.6363 1.0789 2.2145 0.8779 0.026731670489644473
0.4699 0.6239 1.0572 2.1510 0.9126 0.026731670489644473
0.4454 0.6098 1.0352 2.0904 0.9126 0.026731670489644473
0.4240 0.5942 1.0100 2.0282 0.7638 0.09739638287141103
0.4032 0.5770 0.9832 1.9634 0.7638 0.09739638287141103
0.3807 0.5583 0.9556 1.8946 0.9533 0.09739638287141103
0.3581 0.5382 0.9267 1.8231 0.9533 0.09739638287141103
0.3346 0.5176 0.8987 1.7509 0.9590 0.09739638287141103
0.3116 0.4969 0.8723 1.6808 0.9590 0.09739638287141103
0.2845 0.4764 0.8462 1.6072 0.9651 0.09739638287141103
0.2596 0.4557 0.8201 1.5354 0.9651 0.09739638287141103
0.2371 0.4346 0.7964 1.4681 0.9706 0.09739638287141103
0.2117 0.4138 0.7768 1.4024 0.9706 0.09739638287141103
0.1821 0.3940 0.7606 1.3368 0.8844 0.44299792649585357
0.1553 0.3760 0.7456 1.2769 0.8844 0.44299792649585357
0.1257 0.3595 0.7302 1.2154 0.9747 0.44299792649585357
0.0893 0.3447 0.7155 1.1495 0.9747 0.44299792649585357
0.0442 0.3323 0.7023 1.0788 0.9765 0.44299792649585357
0.0000 0.3222 0.6902 1.0123 0.9765 0.44299792649585357
0.0387 0.3116 0.6683 1.0186 0.9765 0.44299792649585357
0.0000 0.2974 0.6536 0.9510 0.9765 0.44299792649585357
0.0435 0.2833 0.6363 0.9632 0.9760 0.44299792649585357
0.0000 0.2700 0.6251 0.8952 0.9760 0.44299792649585357
0.0370 0.2580 0.6122 0.9072 0.9002 0.6004360709557883
0.0000 0.2488 0.6039 0.8528 0.9002 0.6004360709557883
0.0255 0.2404 0.5929 0.8589 0.9775 0.6004360709557883
0.0000 0.2335 0.5828 0.8164 0.9775 0.6004360709557883
0.0149 0.2272 0.5698 0.8119 0.9782 0.6004360709557883
0.0000 0.2221 0.5593 0.7814 0.9782 0.6004360709557883
0.0001 0.2172 0.5463 0.7637 0.9782 0.6004360709557883
0.0000 0.2133 0.5364 0.7498 0.9782 0.6004360709557883
0.0000 0.2096 0.5240 0.7336 0.9783 0.6004360709557883
0.0049 0.2061 0.5098 0.7208 0.9783 0.6004360709557883
0.0000 0.2038 0.5013 0.7051 0.9079 0.6594076744191404
0.0000 0.2015 0.4949 0.6964 0.9079 0.6594076744191404
0.0355 0.1993 0.4868 0.7215 0.9787 0.6594076744191404
0.0000 0.1967 0.4780 0.6747 0.9787 0.6594076744191404
0.0000 0.1944 0.4740 0.6684 0.9784 0.6594076744191404
0.0226 0.1923 0.4690 0.6838 0.9784 0.6594076744191404
0.0000 0.1911 0.4619 0.6530 0.9785 0.6594076744191404
0.0000 0.1897 0.4561 0.6458 0.9785 0.6594076744191404
0.0000 0.1884 0.4487 0.6371 0.9789 0.6594076744191404
0.0409 0.1871 0.4394 0.6674 0.9789 0.6594076744191404
0.0000 0.1853 0.4278 0.6131 0.9098 0.6848850005781162
0.0000 0.1841 0.4212 0.6053 0.9098 0.6848850005781162
0.0279 0.1828 0.4158 0.6265 0.9797 0.6848850005781162
0.0000 0.1821 0.4066 0.5887 0.9797 0.6848850005781162
0.0000 0.1814 0.4010 0.5823 0.9798 0.6848850005781162
0.0324 0.1813 0.3959 0.6097 0.9798 0.6848850005781162
0.0000 0.1804 0.3876 0.5680 0.9798 0.6848850005781162
0.0000 0.1799 0.3825 0.5624 0.9798 0.6848850005781162
0.0000 0.1792 0.3775 0.5567 0.9802 0.6848850005781162
0.0360 0.1788 0.3717 0.5865 0.9802 0.6848850005781162
0.0000 0.1784 0.3637 0.5421 0.9162 0.7211963296145768
0.0000 0.1777 0.3607 0.5383 0.9162 0.7211963296145768
0.0114 0.1773 0.3582 0.5469 0.9806 0.7211963296145768
0.0000 0.1764 0.3527 0.5290 0.9806 0.7211963296145768
0.0000 0.1754 0.3520 0.5274 0.9809 0.7211963296145768
0.0003 0.1745 0.3515 0.5264 0.9809 0.7211963296145768
0.0000 0.1745 0.3451 0.5196 0.9809 0.7211963296145768
0.0000 0.1737 0.3419 0.5156 0.9809 0.7211963296145768
0.0000 0.1734 0.3392 0.5126 0.9810 0.7211963296145768
0.0273 0.1735 0.3354 0.5362 0.9810 0.7211963296145768
0.0000 0.1727 0.3271 0.4998 0.9169 0.7295097594388121
0.0000 0.1725 0.3237 0.4962 0.9169 0.7295097594388121
0.0043 0.1718 0.3219 0.4980 0.9811 0.7295097594388121
0.0000 0.1718 0.3155 0.4873 0.9811 0.7295097594388121
0.0000 0.1713 0.3129 0.4842 0.9811 0.7295097594388121
0.0000 0.1709 0.3112 0.4821 0.9811 0.7295097594388121
0.0000 0.1711 0.3087 0.4799 0.9803 0.7295097594388121
0.0103 0.1714 0.3049 0.4866 0.9803 0.7295097594388121
0.0000 0.1705 0.2979 0.4684 0.9811 0.7295097594388121
0.0000 0.1706 0.2977 0.4683 0.9811 0.7295097594388121
0.0000 0.1700 0.2989 0.4689 0.9196 0.7423588113191164
0.0003 0.1690 0.2988 0.4681 0.9196 0.7423588113191164
0.0000 0.1688 0.2907 0.4595 0.9815 0.7423588113191164
0.0000 0.1675 0.2894 0.4569 0.9815 0.7423588113191164
0.0000 0.1675 0.2895 0.4570 0.9810 0.7423588113191164
0.0029 0.1681 0.2885 0.4595 0.9810 0.7423588113191164
0.0000 0.1664 0.2828 0.4492 0.9817 0.7423588113191164
0.0000 0.1665 0.2835 0.4500 0.9817 0.7423588113191164
0.0000 0.1657 0.2845 0.4502 0.9817 0.7423588113191164
0.0118 0.1644 0.2841 0.4603 0.9817 0.7423588113191164
0.0000 0.1651 0.2777 0.4427 0.9193 0.7347644866774289
0.0000 0.1637 0.2772 0.4409 0.9193 0.7347644866774289
0.0000 0.1626 0.2775 0.4401 0.9806 0.7347644866774289
0.0000 0.1626 0.2763 0.4389 0.9806 0.7347644866774289
0.0071 0.1627 0.2728 0.4427 0.9791 0.7347644866774289
0.0000 0.1623 0.2646 0.4269 0.9791 0.7347644866774289
0.0000 0.1625 0.2646 0.4271 0.9812 0.7347644866774289
0.0000 0.1617 0.2661 0.4278 0.9812 0.7347644866774289
0.0000 0.1606 0.2658 0.4264 0.9814 0.7347644866774289
0.0000 0.1598 0.2634 0.4232 0.9814 0.7347644866774289
0.0111 0.1596 0.2597 0.4304 0.9194 0.7427385676133874
0.0000 0.1605 0.2527 0.4132 0.9194 0.7427385676133874
0.0000 0.1605 0.2530 0.4135 0.9814 0.7427385676133874
0.0000 0.1592 0.2537 0.4129 0.9814 0.7427385676133874
0.0000 0.1577 0.2534 0.4111 0.9807 0.7427385676133874
0.0084 0.1571 0.2517 0.4173 0.9807 0.7427385676133874
0.0000 0.1574 0.2445 0.4020 0.9811 0.7427385676133874
0.0000 0.1573 0.2439 0.4012 0.9811 0.7427385676133874
0.0000 0.1563 0.2447 0.4010 0.9815 0.7427385676133874
0.0000 0.1557 0.2452 0.4008 0.9815 0.7427385676133874
0.0000 0.1556 0.2436 0.3992 0.9234 0.753327242565155
0.0000 0.1553 0.2401 0.3954 0.9234 0.753327242565155
0.0000 0.1547 0.2357 0.3904 0.9802 0.753327242565155
0.0000 0.1541 0.2314 0.3855 0.9802 0.753327242565155
0.0000 0.1537 0.2276 0.3813 0.9805 0.753327242565155
0.0000 0.1534 0.2240 0.3774 0.9805 0.753327242565155
0.0000 0.1530 0.2206 0.3736 0.9805 0.753327242565155
0.0000 0.1526 0.2174 0.3699 0.9805 0.753327242565155
0.0000 0.1521 0.2142 0.3663 0.9803 0.753327242565155
0.0001 0.1516 0.2112 0.3629 0.9803 0.753327242565155
0.0000 0.1536 0.2079 0.3615 0.9212 0.7524900097087037
0.0000 0.1539 0.2080 0.3619 0.9212 0.7524900097087037
0.0000 0.1529 0.2083 0.3612 0.9830 0.7524900097087037
0.0000 0.1521 0.2075 0.3596 0.9830 0.7524900097087037
0.0000 0.1518 0.2057 0.3575 0.9817 0.7524900097087037
0.0000 0.1513 0.2030 0.3542 0.9817 0.7524900097087037
0.0000 0.1502 0.2000 0.3502 0.9814 0.7524900097087037
0.0000 0.1493 0.1971 0.3464 0.9814 0.7524900097087037
0.0000 0.1486 0.1946 0.3432 0.9817 0.7524900097087037
0.0000 0.1480 0.1925 0.3405 0.9817 0.7524900097087037
0.0000 0.1472 0.1906 0.3378 0.9223 0.7621862735151674
0.0000 0.1462 0.1890 0.3351 0.9223 0.7621862735151674
0.0000 0.1451 0.1874 0.3325 0.9810 0.7621862735151674
0.0022 0.1440 0.1860 0.3322 0.9810 0.7621862735151674
0.0000 0.1450 0.1847 0.3297 0.9828 0.7621862735151674
0.0000 0.1443 0.1871 0.3314 0.9828 0.7621862735151674
0.0000 0.1428 0.1894 0.3322 0.9833 0.7621862735151674
0.0000 0.1420 0.1903 0.3323 0.9833 0.7621862735151674
0.0000 0.1413 0.1894 0.3307 0.9821 0.7621862735151674
0.0000 0.1398 0.1872 0.3270 0.9821 0.7621862735151674
0.0000 0.1385 0.1849 0.3233 0.9234 0.7638243792389461
0.0000 0.1378 0.1828 0.3206 0.9234 0.7638243792389461
0.0000 0.1370 0.1811 0.3181 0.9826 0.7638243792389461
0.0000 0.1360 0.1797 0.3157 0.9826 0.7638243792389461
0.0000 0.1347 0.1785 0.3132 0.9817 0.7638243792389461
0.0000 0.1336 0.1772 0.3108 0.9817 0.7638243792389461
0.0000 0.1326 0.1759 0.3085 0.9813 0.7638243792389461
0.0000 0.1315 0.1746 0.3061 0.9813 0.7638243792389461
0.0000 0.1303 0.1732 0.3035 0.9816 0.7638243792389461
0.0000 0.1291 0.1719 0.3009 0.9816 0.7638243792389461
0.0000 0.1278 0.1706 0.2984 0.9244 0.7674106351116411
0.0000 0.1265 0.1693 0.2958 0.9244 0.7674106351116411
0.0000 0.1252 0.1681 0.2933 0.9825 0.7674106351116411
0.0030 0.1238 0.1669 0.2938 0.9825 0.7674106351116411
0.0000 0.1253 0.1664 0.2917 0.9840 0.7674106351116411
0.0000 0.1250 0.1685 0.2935 0.9840 0.7674106351116411
0.0000 0.1249 0.1703 0.2952 0.9843 0.7674106351116411
0.0000 0.1245 0.1705 0.2950 0.9843 0.7674106351116411
0.0000 0.1225 0.1691 0.2916 0.9843 0.7674106351116411
0.0000 0.1206 0.1676 0.2883 0.9843 0.7674106351116411
0.0000 0.1192 0.1665 0.2857 0.9249 0.7677458813167797
0.0000 0.1173 0.1656 0.2829 0.9249 0.7677458813167797
0.0001 0.1151 0.1650 0.2803 0.9841 0.7677458813167797
0.0000 0.1165 0.1641 0.2806 0.9841 0.7677458813167797
0.0000 0.1143 0.1679 0.2822 0.9845 0.7677458813167797
0.0000 0.1134 0.1718 0.2852 0.9845 0.7677458813167797
0.0000 0.1121 0.1726 0.2848 0.9836 0.7677458813167797
0.0000 0.1094 0.1709 0.2804 0.9836 0.7677458813167797
0.0000 0.1080 0.1692 0.2772 0.9839 0.7677458813167797
0.0044 0.1072 0.1680 0.2795 0.9839 0.7677458813167797
0.0000 0.1083 0.1654 0.2737 0.9256 0.7680973944982346
0.0000 0.1063 0.1665 0.2728 0.9256 0.7680973944982346
0.0000 0.1050 0.1682 0.2732 0.9839 0.7680973944982346
0.0000 0.1050 0.1686 0.2735 0.9839 0.7680973944982346
0.0000 0.1037 0.1672 0.2709 0.9839 0.7680973944982346
0.0000 0.1020 0.1653 0.2673 0.9839 0.7680973944982346
0.0000 0.1011 0.1636 0.2647 0.9842 0.7680973944982346
0.0000 0.1004 0.1621 0.2625 0.9842 0.7680973944982346
0.0000 0.0990 0.1610 0.2600 0.9838 0.7680973944982346
0.0029 0.0973 0.1603 0.2606 0.9838 0.7680973944982346
0.0000 0.0973 0.1600 0.2573 0.9275 0.7709013525803995
0.0000 0.0962 0.1631 0.2593 0.9275 0.7709013525803995
0.0000 0.0963 0.1652 0.2615 0.9841 0.7709013525803995
0.0000 0.0957 0.1642 0.2599 0.9841 0.7709013525803995
0.0000 0.0940 0.1612 0.2553 0.9842 0.7709013525803995
0.0000 0.0940 0.1583 0.2523 0.9842 0.7709013525803995
0.0000 0.0944 0.1561 0.2505 0.9842 0.7709013525803995
0.0000 0.0933 0.1546 0.2479 0.9842 0.7709013525803995
0.0000 0.0914 0.1536 0.2449 0.9842 0.7709013525803995
0.0008 0.0904 0.1531 0.2443 0.9842 0.7709013525803995
0.0000 0.0932 0.1541 0.2473 0.9233 0.7587125782271276
0.0000 0.0911 0.1597 0.2509 0.9233 0.7587125782271276
0.0000 0.0898 0.1621 0.2519 0.9845 0.7587125782271276
0.0000 0.0904 0.1622 0.2526 0.9845 0.7587125782271276
0.0000 0.0884 0.1595 0.2479 0.9836 0.7587125782271276
0.0000 0.0879 0.1571 0.2450 0.9836 0.7587125782271276
0.0000 0.0892 0.1556 0.2448 0.9837 0.7587125782271276
0.0000 0.0887 0.1541 0.2429 0.9837 0.7587125782271276
0.0000 0.0871 0.1527 0.2398 0.9835 0.7587125782271276
0.0027 0.0865 0.1518 0.2411 0.9835 0.7587125782271276
0.0000 0.0889 0.1523 0.2412 0.9226 0.7542086187763897
0.0000 0.0883 0.1582 0.2465 0.9226 0.7542086187763897
0.0000 0.0876 0.1593 0.2469 0.9842 0.7542086187763897
0.0000 0.0889 0.1577 0.2466 0.9842 0.7542086187763897
0.0000 0.0875 0.1544 0.2419 0.9828 0.7542086187763897
0.0000 0.0864 0.1516 0.2380 0.9828 0.7542086187763897
0.0000 0.0872 0.1500 0.2373 0.9826 0.7542086187763897
0.0000 0.0870 0.1487 0.2357 0.9826 0.7542086187763897
0.0000 0.0850 0.1478 0.2328 0.9830 0.7542086187763897
0.0030 0.0837 0.1474 0.2340 0.9830 0.7542086187763897
0.0000 0.0877 0.1486 0.2363 0.9227 0.7523410255535352
0.0000 0.0865 0.1550 0.2415 0.9227 0.7523410255535352
0.0037 0.0857 0.1558 0.2453 0.9842 0.7523410255535352
0.0000 0.0867 0.1501 0.2368 0.9842 0.7523410255535352
0.0000 0.0860 0.1573 0.2434 0.9834 0.7523410255535352
0.0000 0.0851 0.1633 0.2484 0.9834 0.7523410255535352
0.0236 0.0850 0.1643 0.2729 0.9822 0.7523410255535352
0.0000 0.0889 0.1574 0.2463 0.9822 0.7523410255535352
0.0000 0.0888 0.1651 0.2538 0.9816 0.7523410255535352
0.0000 0.0846 0.1727 0.2573 0.9816 0.7523410255535352
0.0395 0.0823 0.1759 0.2977 0.9190 0.7546156607649334
0.0000 0.0853 0.1666 0.2519 0.9190 0.7546156607649334
0.0000 0.0841 0.1738 0.2579 0.9819 0.7546156607649334
0.0000 0.0840 0.1801 0.2640 0.9819 0.7546156607649334
0.0144 0.0851 0.1802 0.2797 0.9811 0.7546156607649334
0.0000 0.0865 0.1718 0.2583 0.9811 0.7546156607649334
0.0000 0.0872 0.1756 0.2628 0.9810 0.7546156607649334
0.0000 0.0846 0.1797 0.2644 0.9810 0.7546156607649334
0.0007 0.0821 0.1805 0.2634 0.9811 0.7546156607649334
0.0000 0.0859 0.1709 0.2569 0.9811 0.7546156607649334
0.0000 0.0840 0.1753 0.2593 0.9217 0.7645786757826789
0.0000 0.0833 0.1801 0.2634 0.9217 0.7645786757826789
0.0138 0.0842 0.1799 0.2779 0.9809 0.7645786757826789
0.0000 0.0872 0.1692 0.2563 0.9809 0.7645786757826789
0.0000 0.0885 0.1733 0.2617 0.9808 0.7645786757826789
0.0000 0.0855 0.1778 0.2633 0.9808 0.7645786757826789
0.0221 0.0831 0.1792 0.2844 0.9814 0.7645786757826789
0.0000 0.0859 0.1675 0.2534 0.9814 0.7645786757826789
0.0000 0.0854 0.1698 0.2552 0.9804 0.7645786757826789
0.0000 0.0867 0.1734 0.2601 0.9804 0.7645786757826789
0.0000 0.0862 0.1735 0.2597 0.9196 0.7657799028966986
0.0000 0.0843 0.1697 0.2540 0.9196 0.7657799028966986
0.0000 0.0843 0.1648 0.2491 0.9804 0.7657799028966986
0.0000 0.0852 0.1604 0.2456 0.9804 0.7657799028966986
0.0000 0.0852 0.1567 0.2419 0.9807 0.7657799028966986
0.0131 0.0842 0.1541 0.2513 0.9807 0.7657799028966986
0.0000 0.0879 0.1518 0.2397 0.9803 0.7657799028966986
0.0000 0.0862 0.1540 0.2401 0.9803 0.7657799028966986
0.0000 0.0875 0.1548 0.2423 0.9815 0.7657799028966986
0.0000 0.0903 0.1531 0.2435 0.9815 0.7657799028966986
0.0000 0.0899 0.1490 0.2388 0.9185 0.7599578219169943
0.0000 0.0883 0.1442 0.2325 0.9185 0.7599578219169943
0.0000 0.0888 0.1402 0.2289 0.9804 0.7599578219169943
0.0000 0.0899 0.1369 0.2269 0.9804 0.7599578219169943
0.0000 0.0902 0.1341 0.2242 0.9798 0.7599578219169943
0.0000 0.0890 0.1316 0.2206 0.9798 0.7599578219169943
0.0000 0.0874 0.1298 0.2173 0.9807 0.7599578219169943
0.0000 0.0867 0.1285 0.2153 0.9807 0.7599578219169943
0.0000 0.0866 0.1270 0.2136 0.9813 0.7599578219169943
0.0000 0.0861 0.1246 0.2107 0.9813 0.7599578219169943
0.0000 0.0859 0.1220 0.2079 0.9157 0.7639562100929347
0.0000 0.0866 0.1194 0.2060 0.9157 0.7639562100929347
0.0000 0.0870 0.1171 0.2041 0.9813 0.7639562100929347
0.0000 0.0866 0.1150 0.2017 0.9813 0.7639562100929347
0.0116 0.0863 0.1134 0.2112 0.9817 0.7639562100929347
0.0000 0.0921 0.1114 0.2035 0.9817 0.7639562100929347
0.0000 0.0911 0.1131 0.2042 0.9812 0.7639562100929347
0.0000 0.0901 0.1150 0.2051 0.9812 0.7639562100929347
0.0000 0.0924 0.1154 0.2078 0.9819 0.7639562100929347
0.0000 0.0931 0.1138 0.2070 0.9819 0.7639562100929347
0.0000 0.0912 0.1108 0.2021 0.9124 0.7461054655312626
0.0000 0.0908 0.1081 0.1989 0.9124 0.7461054655312626
0.0000 0.0915 0.1061 0.1976 0.9802 0.7461054655312626
0.0000 0.0912 0.1047 0.1959 0.9802 0.7461054655312626
0.0000 0.0896 0.1039 0.1935 0.9810 0.7461054655312626
0.0000 0.0878 0.1037 0.1915 0.9810 0.7461054655312626
0.0000 0.0868 0.1036 0.1904 0.9820 0.7461054655312626
0.0000 0.0861 0.1030 0.1891 0.9820 0.7461054655312626
0.0000 0.0852 0.1017 0.1869 0.9821 0.7461054655312626
0.0000 0.0849 0.1002 0.1851 0.9821 0.7461054655312626
0.0000 0.0849 0.0990 0.1838 0.9170 0.7645847774364571
0.0000 0.0845 0.0978 0.1824 0.9170 0.7645847774364571
0.0000 0.0839 0.0969 0.1808 0.9820 0.7645847774364571
0.0000 0.0833 0.0960 0.1793 0.9820 0.7645847774364571
0.0000 0.0829 0.0951 0.1780 0.9824 0.7645847774364571
0.0001 0.0826 0.0939 0.1766 0.9824 0.7645847774364571
0.0000 0.0920 0.0934 0.1854 0.9809 0.7645847774364571
0.0000 0.0903 0.0979 0.1882 0.9809 0.7645847774364571
0.0000 0.0869 0.1015 0.1884 0.9827 0.7645847774364571
0.0268 0.0873 0.1027 0.2168 0.9827 0.7645847774364571
0.0000 0.0890 0.0965 0.1855 0.9052 0.7170772528462918
0.0000 0.0896 0.1036 0.1933 0.9052 0.7170772528462918
0.0000 0.0887 0.1093 0.1980 0.9813 0.7170772528462918
0.0068 0.0855 0.1098 0.2021 0.9813 0.7170772528462918
0.0000 0.0855 0.1010 0.1865 0.9808 0.7170772528462918
0.0000 0.0831 0.1047 0.1878 0.9808 0.7170772528462918
0.0000 0.0820 0.1105 0.1924 0.9822 0.7170772528462918
0.0206 0.0817 0.1137 0.2159 0.9822 0.7170772528462918
0.0000 0.0859 0.1069 0.1928 0.9806 0.7170772528462918
0.0000 0.0859 0.1105 0.1964 0.9806 0.7170772528462918
0.0000 0.0829 0.1169 0.1998 0.9200 0.7624805018862076
0.0494 0.0810 0.1223 0.2527 0.9200 0.7624805018862076
0.0000 0.0843 0.1116 0.1959 0.9805 0.7624805018862076
0.0000 0.0832 0.1139 0.1970 0.9805 0.7624805018862076
0.0000 0.0832 0.1192 0.2024 0.9814 0.7624805018862076
0.0200 0.0843 0.1229 0.2273 0.9814 0.7624805018862076
0.0000 0.0869 0.1136 0.2005 0.9800 0.7624805018862076
0.0000 0.0887 0.1135 0.2022 0.9800 0.7624805018862076
0.0000 0.0873 0.1158 0.2031 0.9805 0.7624805018862076
0.0000 0.0846 0.1185 0.2030 0.9805 0.7624805018862076
0.0355 0.0832 0.1197 0.2384 0.9147 0.7408726941190161
0.0000 0.0863 0.1096 0.1959 0.9147 0.7408726941190161
0.0000 0.0843 0.1121 0.1964 0.9806 0.7408726941190161
0.0000 0.0828 0.1173 0.2001 0.9806 0.7408726941190161
0.0221 0.0828 0.1214 0.2264 0.9817 0.7408726941190161
0.0000 0.0866 0.1120 0.1986 0.9817 0.7408726941190161
0.0000 0.0872 0.1120 0.1992 0.9801 0.7408726941190161
0.0000 0.0858 0.1162 0.2021 0.9801 0.7408726941190161
0.0220 0.0844 0.1193 0.2257 0.9811 0.7408726941190161
0.0000 0.0887 0.1082 0.1969 0.9811 0.7408726941190161
0.0000 0.0879 0.1049 0.1929 0.9180 0.7566149546662252
0.0000 0.0864 0.1053 0.1917 0.9180 0.7566149546662252
0.0000 0.0857 0.1073 0.1930 0.9808 0.7566149546662252
0.0184 0.0858 0.1078 0.2120 0.9808 0.7566149546662252
0.0000 0.0896 0.0994 0.1890 0.9794 0.7566149546662252
0.0000 0.0901 0.0989 0.1890 0.9794 0.7566149546662252
0.0000 0.0887 0.1005 0.1892 0.9803 0.7566149546662252
0.0000 0.0874 0.1018 0.1892 0.9803 0.7566149546662252
0.0203 0.0873 0.1014 0.2090 0.9812 0.7566149546662252
0.0000 0.0905 0.0931 0.1836 0.9812 0.7566149546662252
0.0000 0.0908 0.0927 0.1835 0.9132 0.7439658135550835
0.0000 0.0902 0.0944 0.1846 0.9132 0.7439658135550835
0.0000 0.0899 0.0950 0.1849 0.9808 0.7439658135550835
0.0225 0.0901 0.0934 0.2060 0.9808 0.7439658135550835
0.0000 0.0932 0.0853 0.1785 0.9784 0.7439658135550835
0.0000 0.0934 0.0850 0.1784 0.9784 0.7439658135550835
0.0000 0.0928 0.0860 0.1788 0.9795 0.7439658135550835
0.0000 0.0929 0.0878 0.1806 0.9795 0.7439658135550835
0.0000 0.0929 0.0886 0.1816 0.9802 0.7439658135550835
0.0091 0.0923 0.0875 0.1889 0.9802 0.7439658135550835
0.0000 0.0961 0.0799 0.1760 0.8988 0.693335829288863
0.0000 0.0964 0.0786 0.1750 0.8988 0.693335829288863
0.0000 0.0942 0.0789 0.1731 0.9788 0.693335829288863
0.0015 0.0921 0.0803 0.1739 0.9788 0.693335829288863
0.0000 0.0963 0.0766 0.1728 0.9769 0.693335829288863
0.0000 0.0949 0.0771 0.1720 0.9769 0.693335829288863
0.0000 0.0941 0.0786 0.1727 0.9795 0.693335829288863
0.0086 0.0949 0.0795 0.1830 0.9795 0.693335829288863
0.0000 0.0985 0.0738 0.1723 0.9768 0.693335829288863
0.0000 0.1005 0.0732 0.1737 0.9768 0.693335829288863
0.0000 0.1005 0.0741 0.1746 0.9061 0.7175141968609465
0.0000 0.0994 0.0750 0.1744 0.9061 0.7175141968609465
0.0093 0.0980 0.0754 0.1827 0.9794 0.7175141968609465
0.0000 0.0995 0.0706 0.1701 0.9794 0.7175141968609465
0.0000 0.0978 0.0699 0.1677 0.9781 0.7175141968609465
0.0000 0.0958 0.0709 0.1667 0.9781 0.7175141968609465
0.0043 0.0948 0.0720 0.1710 0.9796 0.7175141968609465
0.0000 0.0983 0.0679 0.1662 0.9796 0.7175141968609465
0.0000 0.1007 0.0676 0.1683 0.9761 0.7175141968609465
0.0000 0.0999 0.0674 0.1673 0.9761 0.7175141968609465
0.0000 0.0972 0.0675 0.1647 0.9131 0.7545837563734807
0.0257 0.0953 0.0678 0.1888 0.9131 0.7545837563734807
0.0000 0.0994 0.0645 0.1638 0.9780 0.7545837563734807
0.0000 0.0983 0.0643 0.1626 0.9780 0.7545837563734807
0.0000 0.0972 0.0650 0.1622 0.9797 0.7545837563734807
0.0001 0.0968 0.0665 0.1634 0.9797 0.7545837563734807
0.0000 0.0999 0.0637 0.1636 0.9773 0.7545837563734807
0.0000 0.0995 0.0638 0.1632 0.9773 0.7545837563734807
0.0000 0.0974 0.0647 0.1621 0.9790 0.7545837563734807
0.0000 0.0950 0.0657 0.1607 0.9790 0.7545837563734807
0.0315 0.0935 0.0667 0.1918 0.8957 0.684039055480764
0.0000 0.0977 0.0627 0.1604 0.8957 0.684039055480764
0.0000 0.0966 0.0635 0.1602 0.9769 0.684039055480764
0.0000 0.0945 0.0658 0.1602 0.9769 0.684039055480764
0.0077 0.0937 0.0681 0.1695 0.9796 0.684039055480764
0.0000 0.0975 0.0631 0.1606 0.9796 0.684039055480764
0.0000 0.0986 0.0618 0.1604 0.9762 0.684039055480764
0.0000 0.0978 0.0616 0.1594 0.9762 0.684039055480764
0.0000 0.0967 0.0617 0.1583 0.9785 0.684039055480764
0.0000 0.0959 0.0620 0.1579 0.9785 0.684039055480764
0.0158 0.0956 0.0621 0.1736 0.9001 0.7005117011052105
0.0000 0.0983 0.0577 0.1560 0.9001 0.7005117011052105
0.0000 0.0981 0.0577 0.1558 0.9769 0.7005117011052105
0.0000 0.0968 0.0581 0.1548 0.9769 0.7005117011052105
0.0000 0.0951 0.0588 0.1539 0.9785 0.7005117011052105
0.0000 0.0938 0.0596 0.1534 0.9785 0.7005117011052105
0.0000 0.0928 0.0601 0.1529 0.9797 0.7005117011052105
0.0160 0.0915 0.0599 0.1674 0.9797 0.7005117011052105
0.0000 0.0945 0.0567 0.1512 0.9776 0.7005117011052105
0.0000 0.0980 0.0566 0.1547 0.9776 0.7005117011052105
0.0000 0.0980 0.0564 0.1543 0.9037 0.7163504628535051
0.0000 0.0959 0.0557 0.1516 0.9037 0.7163504628535051
0.0000 0.0936 0.0554 0.1490 0.9797 0.7163504628535051
0.0207 0.0933 0.0556 0.1696 0.9797 0.7163504628535051
0.0000 0.0968 0.0530 0.1498 0.9790 0.7163504628535051
0.0000 0.0964 0.0535 0.1499 0.9790 0.7163504628535051
0.0000 0.0958 0.0550 0.1508 0.9797 0.7163504628535051
0.0000 0.0950 0.0567 0.1517 0.9797 0.7163504628535051
0.0000 0.0935 0.0580 0.1515 0.9804 0.7163504628535051
0.0000 0.0911 0.0583 0.1494 0.9804 0.7163504628535051
0.0000 0.0888 0.0579 0.1467 0.9112 0.7520543557105899
0.0000 0.0871 0.0574 0.1444 0.9112 0.7520543557105899
0.0043 0.0857 0.0570 0.1470 0.9798 0.7520543557105899
0.0000 0.0943 0.0545 0.1488 0.9798 0.7520543557105899
0.0000 0.0954 0.0533 0.1487 0.9770 0.7520543557105899
0.0000 0.0938 0.0521 0.1459 0.9770 0.7520543557105899
0.0000 0.0926 0.0513 0.1439 0.9798 0.7520543557105899
0.0000 0.0934 0.0513 0.1446 0.9798 0.7520543557105899
0.0182 0.0947 0.0515 0.1643 0.9808 0.7520543557105899
0.0000 0.0955 0.0488 0.1443 0.9808 0.7520543557105899
0.0000 0.0963 0.0498 0.1461 0.8986 0.7017820598426252
0.0000 0.0951 0.0513 0.1463 0.8986 0.7017820598426252
0.0000 0.0934 0.0523 0.1457 0.9781 0.7017820598426252
0.0010 0.0920 0.0529 0.1459 0.9781 0.7017820598426252
0.0000 0.0955 0.0510 0.1465 0.9773 0.7017820598426252
0.0000 0.0954 0.0509 0.1463 0.9773 0.7017820598426252
0.0000 0.0938 0.0508 0.1446 0.9795 0.7017820598426252
0.0120 0.0930 0.0507 0.1556 0.9795 0.7017820598426252
0.0000 0.0983 0.0472 0.1455 0.9772 0.7017820598426252
0.0000 0.0976 0.0476 0.1452 0.9772 0.7017820598426252
0.0016 0.0957 0.0487 0.1460 0.8943 0.6677845221993997
0.0000 0.0994 0.0473 0.1468 0.8943 0.6677845221993997
0.0000 0.0978 0.0482 0.1461 0.9784 0.6677845221993997
0.0000 0.0958 0.0495 0.1453 0.9784 0.6677845221993997
0.0094 0.0940 0.0511 0.1544 0.9803 0.6677845221993997
0.0000 0.0970 0.0484 0.1454 0.9803 0.6677845221993997
0.0000 0.0958 0.0491 0.1450 0.9781 0.6677845221993997
0.0000 0.0930 0.0499 0.1429 0.9781 0.6677845221993997
0.0121 0.0905 0.0511 0.1536 0.9807 0.6677845221993997
0.0000 0.0957 0.0485 0.1442 0.9807 0.6677845221993997
0.0000 0.0939 0.0487 0.1426 0.9081 0.7399321705201105
0.0000 0.0910 0.0494 0.1404 0.9081 0.7399321705201105
0.0118 0.0897 0.0504 0.1518 0.9812 0.7399321705201105
0.0000 0.0960 0.0464 0.1424 0.9812 0.7399321705201105
0.0000 0.0984 0.0464 0.1448 0.9764 0.7399321705201105
0.0000 0.0983 0.0467 0.1450 0.9764 0.7399321705201105
0.0000 0.0974 0.0468 0.1442 0.9792 0.7399321705201105
0.0000 0.0963 0.0469 0.1432 0.9792 0.7399321705201105
0.0000 0.0948 0.0473 0.1421 0.9806 0.7399321705201105
0.0069 0.0926 0.0478 0.1473 0.9806 0.7399321705201105
0.0000 0.0949 0.0463 0.1412 0.8940 0.6804510474402558
0.0000 0.0946 0.0477 0.1423 0.8940 0.6804510474402558
0.0000 0.0930 0.0483 0.1413 0.9773 0.6804510474402558
0.0000 0.0915 0.0482 0.1397 0.9773 0.6804510474402558
0.0000 0.0915 0.0474 0.1389 0.9796 0.6804510474402558
0.0259 0.0924 0.0463 0.1647 0.9796 0.6804510474402558
0.0000 0.0953 0.0436 0.1389 0.9762 0.6804510474402558
0.0000 0.0972 0.0439 0.1411 0.9762 0.6804510474402558
0.0000 0.0975 0.0436 0.1412 0.9754 0.6804510474402558
0.0000 0.0969 0.0427 0.1396 0.9754 0.6804510474402558
0.0000 0.0962 0.0421 0.1384 0.9089 0.7426561200207739
0.0000 0.0960 0.0424 0.1384 0.9089 0.7426561200207739
0.0251 0.0946 0.0438 0.1635 0.9805 0.7426561200207739
0.0000 0.0953 0.0437 0.1390 0.9805 0.7426561200207739
0.0000 0.0942 0.0465 0.1407 0.9762 0.7426561200207739
0.0000 0.0919 0.0480 0.1399 0.9762 0.7426561200207739
0.0000 0.0888 0.0488 0.1377 0.9799 0.7426561200207739
0.0198 0.0874 0.0496 0.1568 0.9799 0.7426561200207739
0.0000 0.0911 0.0464 0.1375 0.9785 0.7426561200207739
0.0000 0.0912 0.0447 0.1359 0.9785 0.7426561200207739
0.0000 0.0913 0.0429 0.1342 0.9090 0.734378834577648
0.0000 0.0919 0.0416 0.1335 0.9090 0.734378834577648
0.0000 0.0917 0.0412 0.1330 0.9798 0.734378834577648
0.0000 0.0897 0.0417 0.1314 0.9798 0.734378834577648
0.0000 0.0869 0.0429 0.1298 0.9799 0.734378834577648
0.0000 0.0850 0.0442 0.1292 0.9799 0.734378834577648
0.0000 0.0841 0.0452 0.1293 0.9802 0.734378834577648
0.0099 0.0836 0.0456 0.1391 0.9802 0.734378834577648
0.0000 0.0886 0.0432 0.1318 0.9780 0.734378834577648
0.0000 0.0883 0.0420 0.1303 0.9780 0.734378834577648
0.0000 0.0904 0.0414 0.1318 0.9117 0.7478999082023884
0.0000 0.0927 0.0419 0.1346 0.9117 0.7478999082023884
0.0000 0.0924 0.0429 0.1353 0.9805 0.7478999082023884
0.0000 0.0899 0.0439 0.1339 0.9805 0.7478999082023884
0.0000 0.0878 0.0449 0.1327 0.9801 0.7478999082023884
0.0000 0.0865 0.0452 0.1317 0.9801 0.7478999082023884
0.0000 0.0853 0.0447 0.1300 0.9800 0.7478999082023884
0.0000 0.0843 0.0436 0.1279 0.9800 0.7478999082023884
0.0000 0.0845 0.0422 0.1267 0.9805 0.7478999082023884
0.0148 0.0855 0.0410 0.1412 0.9805 0.7478999082023884
0.0000 0.0896 0.0395 0.1291 0.8985 0.7012432923441835
0.0000 0.0889 0.0399 0.1287 0.8985 0.7012432923441835
0.0000 0.0875 0.0400 0.1275 0.9790 0.7012432923441835
0.0000 0.0866 0.0408 0.1274 0.9790 0.7012432923441835
0.0000 0.0859 0.0419 0.1279 0.9806 0.7012432923441835
0.0000 0.0841 0.0433 0.1274 0.9806 0.7012432923441835
0.0068 0.0814 0.0448 0.1329 0.9810 0.7012432923441835
0.0000 0.0840 0.0441 0.1281 0.9810 0.7012432923441835
0.0000 0.0876 0.0433 0.1309 0.9771 0.7012432923441835
0.0000 0.0895 0.0409 0.1305 0.9771 0.7012432923441835
