1.1618 0.6847 5.9189 7.7654 0.2113 0.026838028438873073
1.2539 0.6714 4.5104 6.4357 0.2113 0.026838028438873073
1.3349 0.6626 3.5687 5.5662 0.8790 0.026838028438873073
1.3721 0.6575 2.9501 4.9796 0.8790 0.026838028438873073
1.3727 0.6550 2.5107 4.5383 0.7678 0.026838028438873073
1.3495 0.6549 2.1743 4.1786 0.7678 0.026838028438873073
1.3011 0.6569 1.9152 3.8732 0.6694 0.026838028438873073
1.2191 0.6605 1.7217 3.6012 0.6694 0.026838028438873073
1.1002 0.6650 1.5877 3.3529 0.6128 0.026838028438873073
0.9646 0.6693 1.5023 3.1363 0.6128 0.026838028438873073
0.8351 0.6724 1.4424 2.9500 0.2097 0.026861994850845665
0.7243 0.6737 1.3862 2.7842 0.2097 0.026861994850845665
0.6381 0.6726 1.3235 2.6342 0.8674 0.026861994850845665
0.5786 0.6690 1.2583 2.5059 0.8674 0.026861994850845665
0.5444 0.6632 1.1985 2.4061 0.8982 0.026861994850845665
0.5210 0.6555 1.1494 2.3259 0.8982 0.026861994850845665
0.5014 0.6460 1.1106 2.2580 0.9197 0.026861994850845665
0.4827 0.6349 1.0787 2.1962 0.9197 0.026861994850845665
0.4589 0.6223 1.0518 2.1330 0.9417 0.026861994850845665
0.4336 0.6081 1.0269 2.0685 0.9417 0.026861994850845665
0.4124 0.5923 1.0031 2.0078 0.7256 0.07856172033059541
0.3884 0.5748 0.9791 1.9423 0.7256 0.07856172033059541
0.3621 0.5559 0.9531 1.8712 0.9654 0.07856172033059541
0.3394 0.5359 0.9258 1.8010 0.9654 0.07856172033059541
0.3183 0.5151 0.8975 1.7309 0.9727 0.07856172033059541
0.2955 0.4936 0.8685 1.6576 0.9727 0.07856172033059541
0.2709 0.4716 0.8396 1.5822 0.9770 0.07856172033059541
0.2483 0.4491 0.8130 1.5104 0.9770 0.07856172033059541
0.2259 0.4271 0.7888 1.4419 0.9791 0.07856172033059541
0.2032 0.4061 0.7682 1.3775 0.9791 0.07856172033059541
0.1779 0.3858 0.7499 1.3135 0.8818 0.4558059220008811
0.1552 0.3665 0.7337 1.2554 0.8818 0.4558059220008811
0.1321 0.3484 0.7186 1.1991 0.9843 0.4558059220008811
0.1065 0.3318 0.7042 1.1425 0.9843 0.4558059220008811
0.0802 0.3168 0.6899 1.0869 0.9857 0.4558059220008811
0.0528 0.3034 0.6763 1.0325 0.9857 0.4558059220008811
0.0173 0.2919 0.6633 0.9725 0.9863 0.4558059220008811
0.0000 0.2830 0.6510 0.9341 0.9863 0.4558059220008811
0.0047 0.2729 0.6319 0.9094 0.9866 0.4558059220008811
0.0000 0.2623 0.6190 0.8814 0.9866 0.4558059220008811
0.0057 0.2513 0.6045 0.8616 0.9079 0.6693956035444871
0.0000 0.2379 0.5940 0.8320 0.9079 0.6693956035444871
0.0234 0.2247 0.5815 0.8296 0.9865 0.6693956035444871
0.0000 0.2131 0.5739 0.7870 0.9865 0.6693956035444871
0.0219 0.2033 0.5648 0.7899 0.9864 0.6693956035444871
0.0000 0.1969 0.5553 0.7523 0.9864 0.6693956035444871
0.0067 0.1913 0.5438 0.7417 0.9868 0.6693956035444871
0.0000 0.1874 0.5347 0.7221 0.9868 0.6693956035444871
0.0000 0.1837 0.5229 0.7065 0.9871 0.6693956035444871
0.0319 0.1796 0.5091 0.7206 0.9871 0.6693956035444871
0.0000 0.1755 0.5009 0.6764 0.9093 0.6940737619592338
0.0085 0.1723 0.4948 0.6757 0.9093 0.6940737619592338
0.0000 0.1696 0.4902 0.6598 0.9872 0.6940737619592338
0.0000 0.1675 0.4850 0.6525 0.9872 0.6940737619592338
0.0000 0.1656 0.4766 0.6421 0.9875 0.6940737619592338
0.0431 0.1635 0.4655 0.6720 0.9875 0.6940737619592338
0.0000 0.1613 0.4550 0.6163 0.9874 0.6940737619592338
0.0000 0.1599 0.4475 0.6074 0.9874 0.6940737619592338
0.0361 0.1588 0.4399 0.6348 0.9875 0.6940737619592338
0.0000 0.1580 0.4311 0.5891 0.9875 0.6940737619592338
0.0000 0.1573 0.4270 0.5844 0.9139 0.7211684773004807
0.0121 0.1568 0.4225 0.5915 0.9139 0.7211684773004807
0.0000 0.1562 0.4146 0.5708 0.9877 0.7211684773004807
0.0000 0.1561 0.4101 0.5662 0.9877 0.7211684773004807
0.0000 0.1559 0.4047 0.5606 0.9879 0.7211684773004807
0.0416 0.1549 0.3969 0.5934 0.9879 0.7211684773004807
0.0000 0.1522 0.3878 0.5400 0.9879 0.7211684773004807
0.0000 0.1510 0.3838 0.5348 0.9879 0.7211684773004807
0.0281 0.1501 0.3812 0.5594 0.9880 0.7211684773004807
0.0000 0.1495 0.3729 0.5224 0.9880 0.7211684773004807
0.0000 0.1495 0.3682 0.5177 0.9178 0.7445078605716797
0.0172 0.1500 0.3641 0.5313 0.9178 0.7445078605716797
0.0000 0.1487 0.3576 0.5063 0.9882 0.7445078605716797
0.0000 0.1483 0.3542 0.5025 0.9882 0.7445078605716797
0.0000 0.1480 0.3510 0.4990 0.9883 0.7445078605716797
0.0227 0.1477 0.3467 0.5171 0.9883 0.7445078605716797
0.0000 0.1469 0.3387 0.4855 0.9882 0.7445078605716797
0.0000 0.1465 0.3350 0.4815 0.9882 0.7445078605716797
0.0112 0.1465 0.3321 0.4898 0.9883 0.7445078605716797
0.0000 0.1459 0.3250 0.4709 0.9883 0.7445078605716797
0.0000 0.1458 0.3227 0.4685 0.9195 0.7437214681708432
0.0000 0.1460 0.3211 0.4671 0.9195 0.7437214681708432
0.0103 0.1461 0.3185 0.4750 0.9882 0.7437214681708432
0.0000 0.1445 0.3134 0.4579 0.9882 0.7437214681708432
0.0000 0.1438 0.3122 0.4559 0.9885 0.7437214681708432
0.0000 0.1433 0.3111 0.4544 0.9885 0.7437214681708432
0.0163 0.1432 0.3088 0.4683 0.9886 0.7437214681708432
0.0000 0.1427 0.3025 0.4452 0.9886 0.7437214681708432
0.0000 0.1426 0.3018 0.4444 0.9887 0.7437214681708432
0.0000 0.1430 0.3016 0.4446 0.9887 0.7437214681708432
0.0310 0.1433 0.3001 0.4745 0.9201 0.7438700002268368
0.0000 0.1415 0.2942 0.4357 0.9201 0.7438700002268368
0.0000 0.1408 0.2955 0.4363 0.9888 0.7438700002268368
0.0000 0.1404 0.2976 0.4380 0.9888 0.7438700002268368
0.0106 0.1401 0.2979 0.4486 0.9888 0.7438700002268368
0.0000 0.1394 0.2901 0.4296 0.9888 0.7438700002268368
0.0000 0.1392 0.2880 0.4272 0.9886 0.7438700002268368
0.0000 0.1388 0.2867 0.4255 0.9886 0.7438700002268368
0.0000 0.1388 0.2843 0.4231 0.9887 0.7438700002268368
0.0208 0.1390 0.2808 0.4406 0.9887 0.7438700002268368
0.0000 0.1385 0.2743 0.4128 0.9200 0.7438474034518047
0.0000 0.1381 0.2745 0.4126 0.9200 0.7438474034518047
0.0000 0.1383 0.2751 0.4134 0.9886 0.7438474034518047
0.0128 0.1385 0.2738 0.4251 0.9886 0.7438474034518047
0.0000 0.1369 0.2670 0.4039 0.9887 0.7438474034518047
0.0000 0.1364 0.2686 0.4050 0.9887 0.7438474034518047
0.0000 0.1358 0.2712 0.4071 0.9887 0.7438474034518047
0.0000 0.1355 0.2719 0.4074 0.9887 0.7438474034518047
0.0151 0.1354 0.2700 0.4206 0.9887 0.7438474034518047
0.0000 0.1348 0.2637 0.3984 0.9887 0.7438474034518047
0.0000 0.1342 0.2636 0.3978 0.9209 0.7475675433889296
0.0000 0.1341 0.2640 0.3981 0.9209 0.7475675433889296
0.0027 0.1342 0.2627 0.3996 0.9883 0.7475675433889296
0.0000 0.1332 0.2557 0.3888 0.9883 0.7475675433889296
0.0000 0.1327 0.2553 0.3881 0.9888 0.7475675433889296
0.0000 0.1324 0.2561 0.3885 0.9888 0.7475675433889296
0.0000 0.1324 0.2559 0.3883 0.9888 0.7475675433889296
0.0095 0.1325 0.2537 0.3958 0.9888 0.7475675433889296
0.0000 0.1317 0.2469 0.3786 0.9888 0.7475675433889296
0.0000 0.1310 0.2477 0.3786 0.9888 0.7475675433889296
0.0000 0.1303 0.2492 0.3794 0.9212 0.7505295716946917
0.0000 0.1301 0.2486 0.3787 0.9212 0.7505295716946917
0.0029 0.1302 0.2458 0.3789 0.9884 0.7505295716946917
0.0000 0.1290 0.2391 0.3682 0.9884 0.7505295716946917
0.0000 0.1283 0.2410 0.3693 0.9887 0.7505295716946917
0.0000 0.1278 0.2436 0.3714 0.9887 0.7505295716946917
0.0000 0.1274 0.2436 0.3710 0.9887 0.7505295716946917
0.0000 0.1271 0.2411 0.3682 0.9887 0.7505295716946917
0.0000 0.1267 0.2375 0.3642 0.9886 0.7505295716946917
0.0000 0.1263 0.2335 0.3598 0.9886 0.7505295716946917
0.0000 0.1261 0.2291 0.3552 0.9187 0.7487619449209556
0.0000 0.1259 0.2248 0.3507 0.9187 0.7487619449209556
0.0000 0.1258 0.2209 0.3468 0.9884 0.7487619449209556
0.0000 0.1257 0.2175 0.3432 0.9884 0.7487619449209556
0.0000 0.1255 0.2142 0.3397 0.9884 0.7487619449209556
0.0015 0.1253 0.2110 0.3378 0.9884 0.7487619449209556
0.0000 0.1254 0.2078 0.3332 0.9887 0.7487619449209556
0.0000 0.1251 0.2078 0.3330 0.9887 0.7487619449209556
0.0000 0.1250 0.2081 0.3331 0.9888 0.7487619449209556
0.0000 0.1250 0.2069 0.3319 0.9888 0.7487619449209556
0.0000 0.1245 0.2043 0.3288 0.9207 0.7492261739493632
0.0000 0.1238 0.2013 0.3251 0.9207 0.7492261739493632
0.0000 0.1233 0.1982 0.3215 0.9887 0.7492261739493632
0.0000 0.1230 0.1951 0.3180 0.9887 0.7492261739493632
0.0000 0.1227 0.1920 0.3148 0.9887 0.7492261739493632
0.0000 0.1225 0.1893 0.3118 0.9887 0.7492261739493632
0.0000 0.1221 0.1870 0.3091 0.9887 0.7492261739493632
0.0000 0.1215 0.1849 0.3064 0.9887 0.7492261739493632
0.0000 0.1209 0.1829 0.3038 0.9885 0.7492261739493632
0.0000 0.1202 0.1810 0.3012 0.9885 0.7492261739493632
0.0000 0.1195 0.1790 0.2985 0.9205 0.7522082649837886
0.0000 0.1187 0.1771 0.2958 0.9205 0.7522082649837886
0.0000 0.1180 0.1751 0.2931 0.9884 0.7522082649837886
0.0000 0.1172 0.1732 0.2904 0.9884 0.7522082649837886
0.0000 0.1165 0.1715 0.2880 0.9885 0.7522082649837886
0.0000 0.1157 0.1698 0.2855 0.9885 0.7522082649837886
0.0000 0.1149 0.1682 0.2831 0.9887 0.7522082649837886
0.0000 0.1140 0.1667 0.2807 0.9887 0.7522082649837886
0.0000 0.1130 0.1654 0.2784 0.9887 0.7522082649837886
0.0016 0.1120 0.1641 0.2776 0.9887 0.7522082649837886
0.0000 0.1125 0.1642 0.2767 0.9244 0.7504337495832971
0.0000 0.1129 0.1674 0.2803 0.9244 0.7504337495832971
0.0000 0.1124 0.1701 0.2825 0.9894 0.7504337495832971
0.0000 0.1100 0.1705 0.2806 0.9894 0.7504337495832971
0.0057 0.1074 0.1695 0.2826 0.9898 0.7504337495832971
0.0000 0.1063 0.1686 0.2748 0.9898 0.7504337495832971
0.0000 0.1046 0.1715 0.2762 0.9898 0.7504337495832971
0.0000 0.1034 0.1741 0.2775 0.9898 0.7504337495832971
0.0000 0.1024 0.1750 0.2774 0.9895 0.7504337495832971
0.0000 0.1010 0.1742 0.2752 0.9895 0.7504337495832971
0.0016 0.0994 0.1731 0.2740 0.9209 0.7497205875609246
0.0000 0.0981 0.1717 0.2698 0.9209 0.7497205875609246
0.0000 0.0962 0.1747 0.2709 0.9896 0.7497205875609246
0.0000 0.0948 0.1776 0.2724 0.9896 0.7497205875609246
0.0000 0.0937 0.1783 0.2721 0.9897 0.7497205875609246
0.0000 0.0922 0.1769 0.2691 0.9897 0.7497205875609246
0.0000 0.0905 0.1751 0.2656 0.9896 0.7497205875609246
0.0000 0.0893 0.1739 0.2633 0.9896 0.7497205875609246
0.0000 0.0884 0.1728 0.2612 0.9894 0.7497205875609246
0.0000 0.0872 0.1714 0.2586 0.9894 0.7497205875609246
0.0000 0.0859 0.1700 0.2559 0.9199 0.7539925352323811
0.0000 0.0846 0.1688 0.2535 0.9199 0.7539925352323811
0.0000 0.0834 0.1678 0.2512 0.9891 0.7539925352323811
0.0000 0.0823 0.1666 0.2489 0.9891 0.7539925352323811
0.0000 0.0811 0.1651 0.2462 0.9891 0.7539925352323811
0.0000 0.0801 0.1634 0.2435 0.9891 0.7539925352323811
0.0000 0.0794 0.1614 0.2408 0.9892 0.7539925352323811
0.0000 0.0788 0.1594 0.2381 0.9892 0.7539925352323811
0.0000 0.0782 0.1574 0.2356 0.9891 0.7539925352323811
0.0000 0.0775 0.1556 0.2332 0.9891 0.7539925352323811
0.0000 0.0768 0.1538 0.2307 0.9205 0.7494963403413316
0.0000 0.0760 0.1521 0.2282 0.9205 0.7494963403413316
0.0000 0.0752 0.1506 0.2258 0.9895 0.7494963403413316
0.0000 0.0745 0.1491 0.2237 0.9895 0.7494963403413316
0.0000 0.0739 0.1476 0.2215 0.9896 0.7494963403413316
0.0000 0.0733 0.1461 0.2194 0.9896 0.7494963403413316
0.0000 0.0728 0.1446 0.2173 0.9896 0.7494963403413316
0.0009 0.0722 0.1431 0.2161 0.9896 0.7494963403413316
0.0000 0.0733 0.1442 0.2175 0.9901 0.7494963403413316
0.0000 0.0744 0.1479 0.2223 0.9901 0.7494963403413316
0.0000 0.0751 0.1493 0.2244 0.9254 0.7594588109798696
0.0000 0.0734 0.1485 0.2219 0.9254 0.7594588109798696
0.0000 0.0713 0.1476 0.2189 0.9902 0.7594588109798696
0.0000 0.0703 0.1467 0.2170 0.9902 0.7594588109798696
0.0000 0.0696 0.1456 0.2152 0.9899 0.7594588109798696
0.0000 0.0687 0.1445 0.2132 0.9899 0.7594588109798696
0.0000 0.0681 0.1434 0.2115 0.9897 0.7594588109798696
0.0057 0.0676 0.1423 0.2156 0.9897 0.7594588109798696
0.0000 0.0668 0.1431 0.2099 0.9900 0.7594588109798696
0.0000 0.0665 0.1474 0.2139 0.9900 0.7594588109798696
0.0000 0.0666 0.1490 0.2156 0.9253 0.7609408313920322
0.0000 0.0659 0.1477 0.2136 0.9253 0.7609408313920322
0.0000 0.0647 0.1457 0.2104 0.9902 0.7609408313920322
0.0000 0.0643 0.1439 0.2081 0.9902 0.7609408313920322
0.0000 0.0642 0.1421 0.2063 0.9898 0.7609408313920322
0.0027 0.0637 0.1406 0.2070 0.9898 0.7609408313920322
0.0000 0.0628 0.1405 0.2033 0.9898 0.7609408313920322
0.0000 0.0635 0.1442 0.2077 0.9898 0.7609408313920322
0.0000 0.0643 0.1460 0.2103 0.9902 0.7609408313920322
0.0000 0.0627 0.1448 0.2075 0.9902 0.7609408313920322
0.0000 0.0611 0.1432 0.2043 0.9207 0.755464330163146
0.0000 0.0613 0.1419 0.2032 0.9207 0.755464330163146
0.0000 0.0618 0.1403 0.2021 0.9897 0.755464330163146
0.0000 0.0614 0.1386 0.2000 0.9897 0.755464330163146
0.0000 0.0605 0.1371 0.1977 0.9894 0.755464330163146
0.0014 0.0600 0.1359 0.1973 0.9894 0.755464330163146
0.0000 0.0593 0.1368 0.1961 0.9900 0.755464330163146
0.0000 0.0597 0.1406 0.2003 0.9900 0.755464330163146
0.0000 0.0602 0.1417 0.2019 0.9905 0.755464330163146
0.0000 0.0595 0.1404 0.1999 0.9905 0.755464330163146
0.0000 0.0586 0.1382 0.1968 0.9212 0.7499161479802741
0.0000 0.0592 0.1357 0.1949 0.9212 0.7499161479802741
0.0000 0.0596 0.1333 0.1929 0.9899 0.7499161479802741
0.0000 0.0591 0.1314 0.1905 0.9899 0.7499161479802741
0.0130 0.0585 0.1301 0.2016 0.9898 0.7499161479802741
0.0000 0.0592 0.1323 0.1914 0.9898 0.7499161479802741
0.0042 0.0595 0.1425 0.2062 0.9903 0.7499161479802741
0.0000 0.0576 0.1394 0.1970 0.9903 0.7499161479802741
0.0000 0.0593 0.1497 0.2090 0.9900 0.7499161479802741
0.0400 0.0620 0.1564 0.2584 0.9900 0.7499161479802741
0.0000 0.0588 0.1488 0.2075 0.9186 0.7558722527826086
0.0000 0.0583 0.1550 0.2133 0.9186 0.7558722527826086
0.0274 0.0579 0.1615 0.2468 0.9887 0.7558722527826086
0.0000 0.0587 0.1558 0.2145 0.9887 0.7558722527826086
0.0000 0.0580 0.1591 0.2172 0.9886 0.7558722527826086
0.0015 0.0579 0.1642 0.2236 0.9886 0.7558722527826086
0.0000 0.0586 0.1605 0.2191 0.9884 0.7558722527826086
0.0000 0.0580 0.1636 0.2216 0.9884 0.7558722527826086
0.0076 0.0570 0.1675 0.2321 0.9888 0.7558722527826086
0.0000 0.0577 0.1634 0.2211 0.9888 0.7558722527826086
0.0000 0.0573 0.1679 0.2252 0.9195 0.7535288173018196
0.0073 0.0582 0.1714 0.2369 0.9195 0.7535288173018196
0.0000 0.0598 0.1647 0.2244 0.9882 0.7535288173018196
0.0000 0.0598 0.1706 0.2304 0.9882 0.7535288173018196
0.0000 0.0582 0.1748 0.2329 0.9887 0.7535288173018196
0.0153 0.0578 0.1744 0.2475 0.9887 0.7535288173018196
0.0000 0.0593 0.1662 0.2254 0.9883 0.7535288173018196
0.0000 0.0591 0.1710 0.2301 0.9883 0.7535288173018196
0.0000 0.0597 0.1756 0.2353 0.9884 0.7535288173018196
0.0058 0.0602 0.1758 0.2419 0.9884 0.7535288173018196
0.0000 0.0603 0.1661 0.2265 0.9104 0.7263520815724561
0.0000 0.0609 0.1659 0.2267 0.9104 0.7263520815724561
0.0000 0.0596 0.1674 0.2270 0.9881 0.7263520815724561
0.0000 0.0583 0.1680 0.2262 0.9881 0.7263520815724561
0.0001 0.0581 0.1669 0.2250 0.9883 0.7263520815724561
0.0000 0.0604 0.1589 0.2192 0.9883 0.7263520815724561
0.0000 0.0597 0.1594 0.2191 0.9877 0.7263520815724561
0.0000 0.0591 0.1617 0.2208 0.9877 0.7263520815724561
0.0000 0.0598 0.1622 0.2220 0.9880 0.7263520815724561
0.0002 0.0605 0.1596 0.2204 0.9880 0.7263520815724561
0.0000 0.0621 0.1511 0.2132 0.9003 0.6965331207889199
0.0000 0.0629 0.1518 0.2147 0.9003 0.6965331207889199
0.0000 0.0616 0.1533 0.2149 0.9876 0.6965331207889199
0.0000 0.0605 0.1532 0.2138 0.9876 0.6965331207889199
0.0000 0.0605 0.1518 0.2123 0.9881 0.6965331207889199
0.0000 0.0606 0.1491 0.2097 0.9881 0.6965331207889199
0.0000 0.0600 0.1455 0.2055 0.9880 0.6965331207889199
0.0000 0.0595 0.1417 0.2013 0.9880 0.6965331207889199
0.0000 0.0597 0.1383 0.1980 0.9878 0.6965331207889199
0.0000 0.0599 0.1353 0.1952 0.9878 0.6965331207889199
0.0000 0.0597 0.1325 0.1923 0.9093 0.7329820808605253
0.0000 0.0593 0.1300 0.1893 0.9093 0.7329820808605253
0.0000 0.0591 0.1273 0.1864 0.9883 0.7329820808605253
0.0000 0.0592 0.1245 0.1837 0.9883 0.7329820808605253
0.0000 0.0593 0.1214 0.1807 0.9884 0.7329820808605253
0.0000 0.0595 0.1184 0.1778 0.9884 0.7329820808605253
0.0000 0.0598 0.1155 0.1753 0.9882 0.7329820808605253
0.0000 0.0601 0.1129 0.1730 0.9882 0.7329820808605253
0.0000 0.0602 0.1104 0.1706 0.9883 0.7329820808605253
0.0000 0.0602 0.1081 0.1684 0.9883 0.7329820808605253
0.0000 0.0603 0.1060 0.1663 0.9096 0.7402257324113757
0.0000 0.0604 0.1040 0.1644 0.9096 0.7402257324113757
0.0000 0.0606 0.1020 0.1626 0.9886 0.7402257324113757
0.0000 0.0608 0.1001 0.1609 0.9886 0.7402257324113757
0.0000 0.0610 0.0983 0.1593 0.9886 0.7402257324113757
0.0000 0.0611 0.0967 0.1578 0.9886 0.7402257324113757
0.0000 0.0610 0.0952 0.1562 0.9888 0.7402257324113757
0.0000 0.0610 0.0938 0.1548 0.9888 0.7402257324113757
0.0000 0.0609 0.0925 0.1535 0.9889 0.7402257324113757
0.0000 0.0609 0.0913 0.1521 0.9889 0.7402257324113757
0.0000 0.0607 0.0901 0.1508 0.9084 0.7433320260036699
0.0000 0.0605 0.0891 0.1496 0.9084 0.7433320260036699
0.0000 0.0603 0.0881 0.1484 0.9891 0.7433320260036699
0.0000 0.0599 0.0873 0.1472 0.9891 0.7433320260036699
0.0000 0.0596 0.0865 0.1460 0.9892 0.7433320260036699
0.0000 0.0592 0.0857 0.1449 0.9892 0.7433320260036699
0.0000 0.0589 0.0850 0.1438 0.9893 0.7433320260036699
0.0000 0.0586 0.0842 0.1428 0.9893 0.7433320260036699
0.0000 0.0583 0.0834 0.1417 0.9893 0.7433320260036699
0.0000 0.0580 0.0827 0.1407 0.9893 0.7433320260036699
0.0000 0.0576 0.0820 0.1397 0.9112 0.7492163562303726
0.0000 0.0573 0.0814 0.1387 0.9112 0.7492163562303726
0.0000 0.0570 0.0807 0.1377 0.9896 0.7492163562303726
0.0000 0.0567 0.0801 0.1368 0.9896 0.7492163562303726
0.0000 0.0564 0.0794 0.1358 0.9896 0.7492163562303726
0.0000 0.0561 0.0788 0.1349 0.9896 0.7492163562303726
0.0000 0.0558 0.0782 0.1340 0.9897 0.7492163562303726
0.0007 0.0555 0.0777 0.1339 0.9897 0.7492163562303726
0.0000 0.0597 0.0790 0.1387 0.9890 0.7492163562303726
0.0000 0.0585 0.0826 0.1410 0.9890 0.7492163562303726
0.0000 0.0597 0.0860 0.1457 0.9203 0.7653296449534608
0.0000 0.0608 0.0867 0.1475 0.9203 0.7653296449534608
0.0000 0.0597 0.0852 0.1449 0.9891 0.7653296449534608
0.0000 0.0581 0.0835 0.1416 0.9891 0.7653296449534608
0.0000 0.0573 0.0825 0.1398 0.9892 0.7653296449534608
0.0000 0.0568 0.0820 0.1388 0.9892 0.7653296449534608
0.0000 0.0564 0.0814 0.1378 0.9894 0.7653296449534608
0.0000 0.0558 0.0809 0.1367 0.9894 0.7653296449534608
0.0000 0.0552 0.0803 0.1355 0.9896 0.7653296449534608
0.0000 0.0547 0.0798 0.1345 0.9896 0.7653296449534608
0.0000 0.0545 0.0790 0.1335 0.9170 0.7527605472901995
0.0000 0.0543 0.0780 0.1323 0.9170 0.7527605472901995
0.0000 0.0543 0.0769 0.1311 0.9893 0.7527605472901995
0.0000 0.0544 0.0757 0.1301 0.9893 0.7527605472901995
0.0000 0.0545 0.0746 0.1291 0.9893 0.7527605472901995
0.0000 0.0546 0.0736 0.1282 0.9893 0.7527605472901995
0.0000 0.0546 0.0726 0.1273 0.9894 0.7527605472901995
0.0000 0.0546 0.0717 0.1263 0.9894 0.7527605472901995
0.0000 0.0546 0.0707 0.1253 0.9897 0.7527605472901995
0.0000 0.0547 0.0696 0.1244 0.9897 0.7527605472901995
0.0000 0.0548 0.0686 0.1235 0.9146 0.7516560646229846
0.0000 0.0550 0.0677 0.1226 0.9146 0.7516560646229846
0.0000 0.0550 0.0668 0.1219 0.9898 0.7516560646229846
0.0000 0.0550 0.0661 0.1211 0.9898 0.7516560646229846
0.0000 0.0550 0.0654 0.1204 0.9898 0.7516560646229846
0.0000 0.0549 0.0647 0.1197 0.9898 0.7516560646229846
0.0000 0.0548 0.0641 0.1190 0.9899 0.7516560646229846
0.0000 0.0547 0.0636 0.1183 0.9899 0.7516560646229846
0.0000 0.0546 0.0631 0.1176 0.9900 0.7516560646229846
0.0000 0.0544 0.0626 0.1170 0.9900 0.7516560646229846
0.0000 0.0542 0.0622 0.1163 0.9141 0.7459010711562702
0.0000 0.0539 0.0618 0.1157 0.9141 0.7459010711562702
0.0000 0.0537 0.0614 0.1151 0.9903 0.7459010711562702
0.0000 0.0535 0.0610 0.1145 0.9903 0.7459010711562702
0.0000 0.0533 0.0606 0.1139 0.9903 0.7459010711562702
0.0000 0.0530 0.0603 0.1133 0.9903 0.7459010711562702
0.0000 0.0528 0.0600 0.1128 0.9904 0.7459010711562702
0.0000 0.0526 0.0596 0.1122 0.9904 0.7459010711562702
0.0000 0.0523 0.0593 0.1116 0.9905 0.7459010711562702
0.0000 0.0521 0.0590 0.1111 0.9905 0.7459010711562702
0.0000 0.0519 0.0587 0.1105 0.9147 0.7474385660871595
0.0000 0.0516 0.0584 0.1100 0.9147 0.7474385660871595
0.0000 0.0514 0.0581 0.1095 0.9908 0.7474385660871595
0.0000 0.0512 0.0578 0.1090 0.9908 0.7474385660871595
0.0000 0.0510 0.0575 0.1085 0.9909 0.7474385660871595
0.0000 0.0508 0.0572 0.1080 0.9909 0.7474385660871595
0.0000 0.0506 0.0569 0.1075 0.9910 0.7474385660871595
0.0000 0.0504 0.0566 0.1070 0.9910 0.7474385660871595
0.0000 0.0502 0.0563 0.1065 0.9911 0.7474385660871595
0.0000 0.0501 0.0560 0.1060 0.9911 0.7474385660871595
0.0000 0.0499 0.0557 0.1056 0.9159 0.7472166199257017
0.0000 0.0497 0.0554 0.1051 0.9159 0.7472166199257017
0.0000 0.0496 0.0551 0.1047 0.9914 0.7472166199257017
0.0000 0.0495 0.0548 0.1042 0.9914 0.7472166199257017
0.0000 0.0493 0.0545 0.1038 0.9915 0.7472166199257017
0.0000 0.0492 0.0542 0.1034 0.9915 0.7472166199257017
0.0000 0.0491 0.0539 0.1029 0.9916 0.7472166199257017
0.0000 0.0489 0.0536 0.1025 0.9916 0.7472166199257017
0.0000 0.0488 0.0533 0.1021 0.9916 0.7472166199257017
0.0000 0.0487 0.0530 0.1017 0.9916 0.7472166199257017
0.0000 0.0486 0.0527 0.1013 0.9175 0.7482668370080616
0.0000 0.0484 0.0524 0.1009 0.9175 0.7482668370080616
0.0000 0.0483 0.0522 0.1005 0.9918 0.7482668370080616
0.0000 0.0482 0.0519 0.1001 0.9918 0.7482668370080616
0.0000 0.0481 0.0516 0.0997 0.9919 0.7482668370080616
0.0000 0.0479 0.0514 0.0993 0.9919 0.7482668370080616
0.0000 0.0478 0.0511 0.0989 0.9919 0.7482668370080616
0.0000 0.0477 0.0509 0.0986 0.9919 0.7482668370080616
0.0000 0.0476 0.0506 0.0982 0.9920 0.7482668370080616
0.0000 0.0474 0.0504 0.0978 0.9920 0.7482668370080616
0.0000 0.0473 0.0501 0.0975 0.9185 0.7490614879175159
0.0000 0.0472 0.0499 0.0971 0.9185 0.7490614879175159
0.0000 0.0471 0.0497 0.0967 0.9921 0.7490614879175159
0.0000 0.0470 0.0494 0.0964 0.9921 0.7490614879175159
0.0000 0.0469 0.0492 0.0960 0.9922 0.7490614879175159
0.0000 0.0467 0.0490 0.0957 0.9922 0.7490614879175159
0.0000 0.0466 0.0487 0.0954 0.9922 0.7490614879175159
0.0000 0.0465 0.0485 0.0950 0.9922 0.7490614879175159
0.0000 0.0464 0.0483 0.0947 0.9923 0.7490614879175159
0.0000 0.0463 0.0481 0.0943 0.9923 0.7490614879175159
0.0000 0.0462 0.0478 0.0940 0.9193 0.7494682461599937
0.0000 0.0461 0.0476 0.0937 0.9193 0.7494682461599937
0.0000 0.0460 0.0474 0.0934 0.9924 0.7494682461599937
0.0000 0.0459 0.0472 0.0930 0.9924 0.7494682461599937
0.0000 0.0457 0.0470 0.0927 0.9924 0.7494682461599937
0.0000 0.0456 0.0468 0.0924 0.9924 0.7494682461599937
0.0000 0.0455 0.0466 0.0921 0.9925 0.7494682461599937
0.0000 0.0454 0.0464 0.0918 0.9925 0.7494682461599937
0.0000 0.0453 0.0462 0.0915 0.9926 0.7494682461599937
0.0000 0.0452 0.0460 0.0912 0.9926 0.7494682461599937
0.0000 0.0451 0.0458 0.0909 0.9202 0.7499637815173235
0.0000 0.0450 0.0456 0.0906 0.9202 0.7499637815173235
0.0000 0.0449 0.0454 0.0903 0.9927 0.7499637815173235
0.0000 0.0448 0.0452 0.0900 0.9927 0.7499637815173235
0.0000 0.0447 0.0450 0.0897 0.9927 0.7499637815173235
0.0000 0.0446 0.0448 0.0894 0.9927 0.7499637815173235
0.0000 0.0445 0.0446 0.0891 0.9928 0.7499637815173235
0.0000 0.0444 0.0444 0.0888 0.9928 0.7499637815173235
0.0000 0.0443 0.0442 0.0885 0.9928 0.7499637815173235
0.0000 0.0442 0.0440 0.0882 0.9928 0.7499637815173235
0.0000 0.0441 0.0439 0.0880 0.9208 0.7504017369242334
0.0000 0.0440 0.0437 0.0877 0.9208 0.7504017369242334
0.0000 0.0439 0.0435 0.0874 0.9929 0.7504017369242334
0.0000 0.0438 0.0433 0.0871 0.9929 0.7504017369242334
0.0000 0.0437 0.0431 0.0868 0.9930 0.7504017369242334
0.0000 0.0436 0.0430 0.0866 0.9930 0.7504017369242334
0.0000 0.0435 0.0428 0.0863 0.9930 0.7504017369242334
0.0000 0.0434 0.0426 0.0860 0.9930 0.7504017369242334
0.0000 0.0433 0.0425 0.0858 0.9931 0.7504017369242334
0.0000 0.0432 0.0423 0.0855 0.9931 0.7504017369242334
0.0000 0.0431 0.0421 0.0852 0.9213 0.7512225915676792
0.0002 0.0430 0.0420 0.0852 0.9213 0.7512225915676792
0.0000 0.0542 0.0491 0.1033 0.9903 0.7512225915676792
0.0969 0.0596 0.0573 0.2137 0.9903 0.7512225915676792
0.0000 0.0516 0.0588 0.1104 0.9909 0.7512225915676792
0.1315 0.0501 0.0745 0.2560 0.9909 0.7512225915676792
0.0043 0.0490 0.0658 0.1191 0.9910 0.7512225915676792
0.0000 0.0542 0.0687 0.1229 0.9910 0.7512225915676792
0.0397 0.0516 0.0788 0.1701 0.9903 0.7512225915676792
0.0000 0.0545 0.0739 0.1284 0.9903 0.7512225915676792
0.0872 0.0498 0.0827 0.2197 0.9200 0.7578567362041251
0.0000 0.0540 0.0784 0.1324 0.9200 0.7578567362041251
0.0496 0.0508 0.0844 0.1848 0.9901 0.7578567362041251
0.0009 0.0547 0.0845 0.1401 0.9901 0.7578567362041251
0.0000 0.0548 0.0820 0.1368 0.9894 0.7578567362041251
0.0443 0.0516 0.0850 0.1809 0.9894 0.7578567362041251
0.0000 0.0564 0.0799 0.1363 0.9887 0.7578567362041251
0.0140 0.0547 0.0787 0.1473 0.9887 0.7578567362041251
0.0000 0.0552 0.0735 0.1288 0.9883 0.7578567362041251
0.0129 0.0523 0.0729 0.1381 0.9883 0.7578567362041251
0.0000 0.0537 0.0665 0.1202 0.9123 0.7266793176402268
0.0000 0.0543 0.0654 0.1198 0.9123 0.7266793176402268
0.0483 0.0580 0.0639 0.1701 0.9892 0.7266793176402268
0.0000 0.0606 0.0539 0.1145 0.9892 0.7266793176402268
0.0000 0.0632 0.0534 0.1166 0.9881 0.7266793176402268
0.0341 0.0659 0.0534 0.1535 0.9881 0.7266793176402268
0.0000 0.0635 0.0480 0.1115 0.9876 0.7266793176402268
0.0127 0.0625 0.0510 0.1262 0.9876 0.7266793176402268
0.0000 0.0618 0.0508 0.1126 0.9871 0.7266793176402268
0.0058 0.0591 0.0541 0.1191 0.9871 0.7266793176402268
0.0000 0.0591 0.0526 0.1117 0.9063 0.7219792862234057
0.0115 0.0580 0.0545 0.1240 0.9063 0.7219792862234057
0.0000 0.0600 0.0532 0.1131 0.9865 0.7219792862234057
0.0182 0.0598 0.0546 0.1326 0.9865 0.7219792862234057
0.0000 0.0591 0.0517 0.1108 0.9868 0.7219792862234057
0.0096 0.0607 0.0515 0.1218 0.9868 0.7219792862234057
0.0000 0.0611 0.0482 0.1094 0.9863 0.7219792862234057
0.0000 0.0627 0.0473 0.1100 0.9863 0.7219792862234057
0.0190 0.0629 0.0475 0.1295 0.9870 0.7219792862234057
0.0000 0.0625 0.0448 0.1073 0.9870 0.7219792862234057
0.0000 0.0626 0.0456 0.1081 0.9049 0.7246722029934569
0.0025 0.0619 0.0467 0.1111 0.9049 0.7246722029934569
0.0000 0.0618 0.0456 0.1073 0.9857 0.7246722029934569
0.0000 0.0620 0.0460 0.1080 0.9857 0.7246722029934569
0.0000 0.0604 0.0466 0.1070 0.9871 0.7246722029934569
0.0505 0.0600 0.0475 0.1580 0.9871 0.7246722029934569
0.0000 0.0595 0.0455 0.1050 0.9866 0.7246722029934569
0.0000 0.0572 0.0469 0.1040 0.9866 0.7246722029934569
0.0170 0.0573 0.0487 0.1230 0.9877 0.7246722029934569
0.0000 0.0588 0.0468 0.1056 0.9877 0.7246722029934569
0.0000 0.0625 0.0465 0.1090 0.8789 0.6452429889166151
0.0089 0.0643 0.0454 0.1185 0.8789 0.6452429889166151
0.0000 0.0643 0.0413 0.1056 0.9849 0.6452429889166151
0.0000 0.0654 0.0395 0.1049 0.9849 0.6452429889166151
0.0157 0.0675 0.0406 0.1238 0.9875 0.6452429889166151
0.0000 0.0619 0.0413 0.1032 0.9875 0.6452429889166151
0.0000 0.0616 0.0443 0.1059 0.9847 0.6452429889166151
0.0000 0.0612 0.0462 0.1074 0.9847 0.6452429889166151
0.0000 0.0594 0.0465 0.1059 0.9854 0.6452429889166151
0.0000 0.0575 0.0459 0.1034 0.9854 0.6452429889166151
0.0261 0.0584 0.0453 0.1297 0.8840 0.6754309526439284
0.0000 0.0580 0.0430 0.1010 0.8840 0.6754309526439284
0.0000 0.0582 0.0436 0.1018 0.9852 0.6754309526439284
0.0000 0.0587 0.0447 0.1033 0.9852 0.6754309526439284
0.0029 0.0582 0.0452 0.1064 0.9852 0.6754309526439284
0.0000 0.0589 0.0430 0.1019 0.9852 0.6754309526439284
0.0000 0.0615 0.0419 0.1034 0.9847 0.6754309526439284
0.0000 0.0631 0.0399 0.1030 0.9847 0.6754309526439284
0.0324 0.0650 0.0380 0.1355 0.9869 0.6754309526439284
0.0000 0.0649 0.0366 0.1015 0.9869 0.6754309526439284
