nan 0.6841 5.8422 nan 0.1987 0.026480741149816876
nan 0.6697 4.4568 nan 0.1987 0.026480741149816876
nan 0.6597 3.5277 nan 0.9740 0.026480741149816876
nan 0.6528 2.9272 nan 0.9740 0.026480741149816876
nan 0.6481 2.5034 nan 0.7924 0.026480741149816876
nan 0.6452 2.1731 nan 0.7924 0.026480741149816876
nan 0.6437 1.9079 nan 0.6403 0.026480741149816876
nan 0.6433 1.6927 nan 0.6403 0.026480741149816876
nan 0.6434 1.5189 nan 0.5495 0.026480741149816876
nan 0.6437 1.3817 nan 0.5495 0.026480741149816876
nan 0.6435 1.2745 nan 0.1109 0.024258864065298303
nan 0.6425 1.1875 nan 0.1109 0.024258864065298303
nan 0.6403 1.1149 nan 0.5472 0.024258864065298303
nan 0.6368 1.0521 nan 0.5472 0.024258864065298303
nan 0.6320 0.9966 nan 0.5943 0.024258864065298303
nan 0.6255 0.9471 nan 0.5943 0.024258864065298303
nan 0.6170 0.9006 nan 0.6475 0.024258864065298303
nan 0.6062 0.8567 nan 0.6475 0.024258864065298303
nan 0.5933 0.8159 nan 0.6992 0.024258864065298303
nan 0.5781 0.7785 nan 0.6992 0.024258864065298303
nan 0.5605 0.7456 nan 0.1001 0.024079815512557425
nan 0.5406 0.7172 nan 0.1001 0.024079815512557425
nan 0.5183 0.6922 nan 0.7745 0.024079815512557425
nan 0.4936 0.6702 nan 0.7745 0.024079815512557425
nan 0.4672 0.6513 nan 0.7972 0.024079815512557425
nan 0.4400 0.6347 nan 0.7972 0.024079815512557425
nan 0.4134 0.6195 nan 0.8112 0.024079815512557425
nan 0.3883 0.6042 nan 0.8112 0.024079815512557425
nan 0.3657 0.5884 nan 0.8240 0.024079815512557425
nan 0.3463 0.5729 nan 0.8240 0.024079815512557425
nan 0.3306 0.5590 nan 0.1164 0.024418398707104452
nan 0.3188 0.5458 nan 0.1164 0.024418398707104452
nan 0.3104 0.5320 nan 0.8632 0.024418398707104452
nan 0.3045 0.5176 nan 0.8632 0.024418398707104452
nan 0.3000 0.5030 nan 0.8828 0.024418398707104452
nan 0.2959 0.4881 nan 0.8828 0.024418398707104452
nan 0.2918 0.4730 nan 0.9042 0.024418398707104452
nan 0.2874 0.4581 nan 0.9042 0.024418398707104452
nan 0.2827 0.4433 nan 0.9309 0.024418398707104452
nan 0.2779 0.4290 nan 0.9309 0.024418398707104452
nan 0.2729 0.4157 nan 0.1381 0.024986625789025434
nan 0.2676 0.4039 nan 0.1381 0.024986625789025434
nan 0.2619 0.3933 nan 0.9826 0.024986625789025434
nan 0.2557 0.3838 nan 0.9826 0.024986625789025434
nan 0.2488 0.3753 nan 0.9940 0.024986625789025434
nan 0.2415 0.3678 nan 0.9940 0.024986625789025434
nan 0.2340 0.3608 nan 0.9985 0.024986625789025434
nan 0.2265 0.3545 nan 0.9985 0.024986625789025434
nan 0.2192 0.3487 nan 0.9996 0.024986625789025434
nan 0.2119 0.3434 nan 0.9996 0.024986625789025434
nan 0.2046 0.3386 nan 0.1517 0.025250678668411384
