1.1677 0.6850 7.2595 9.1123 0.2089 0.026767760952767967
1.2482 0.6718 5.6062 7.5262 0.2089 0.026767760952767967
1.3186 0.6624 4.4488 6.4298 0.8267 0.026767760952767967
1.3539 0.6563 3.6469 5.6572 0.8267 0.026767760952767967
1.3556 0.6529 3.0740 5.0825 0.7602 0.026767760952767967
1.3340 0.6518 2.6398 4.6255 0.7602 0.026767760952767967
1.2923 0.6527 2.3032 4.2481 0.6842 0.026767760952767967
1.2274 0.6552 2.0483 3.9310 0.6842 0.026767760952767967
1.1364 0.6588 1.8613 3.6565 0.6312 0.026767760952767967
1.0275 0.6627 1.7333 3.4235 0.6312 0.026767760952767967
0.9144 0.6659 1.6482 3.2285 0.1816 0.02597218923537592
0.8096 0.6677 1.5772 3.0544 0.1816 0.02597218923537592
0.7207 0.6679 1.5093 2.8979 0.7859 0.02597218923537592
0.6491 0.6662 1.4372 2.7525 0.7859 0.02597218923537592
0.5970 0.6626 1.3584 2.6180 0.8338 0.02597218923537592
0.5604 0.6572 1.2876 2.5053 0.8338 0.02597218923537592
0.5339 0.6500 1.2338 2.4177 0.8741 0.02597218923537592
0.5119 0.6410 1.1872 2.3401 0.8741 0.02597218923537592
0.4919 0.6301 1.1469 2.2688 0.9157 0.02597218923537592
0.4731 0.6172 1.1149 2.2051 0.9157 0.02597218923537592
0.4543 0.6020 1.0815 2.1378 0.7221 0.07819867870254546
0.4346 0.5846 1.0454 2.0646 0.7221 0.07819867870254546
0.4159 0.5655 1.0106 1.9921 0.9445 0.07819867870254546
0.3930 0.5453 0.9838 1.9221 0.9445 0.07819867870254546
0.3671 0.5241 0.9599 1.8511 0.9525 0.07819867870254546
0.3423 0.5023 0.9374 1.7820 0.9525 0.07819867870254546
0.3216 0.4800 0.9126 1.7141 0.9587 0.07819867870254546
0.3009 0.4570 0.8838 1.6418 0.9587 0.07819867870254546
0.2801 0.4342 0.8560 1.5703 0.9617 0.07819867870254546
0.2600 0.4122 0.8314 1.5036 0.9617 0.07819867870254546
0.2392 0.3914 0.8102 1.4408 0.8509 0.2730242679491855
0.2157 0.3719 0.7908 1.3783 0.8509 0.2730242679491855
0.1932 0.3537 0.7732 1.3201 0.9694 0.2730242679491855
0.1730 0.3370 0.7567 1.2668 0.9694 0.2730242679491855
0.1516 0.3219 0.7401 1.2136 0.9719 0.2730242679491855
0.1265 0.3085 0.7241 1.1590 0.9719 0.2730242679491855
0.1021 0.2969 0.7089 1.1080 0.9741 0.2730242679491855
0.0722 0.2871 0.6938 1.0531 0.9741 0.2730242679491855
0.0347 0.2790 0.6793 0.9930 0.9752 0.2730242679491855
0.0000 0.2731 0.6662 0.9393 0.9752 0.2730242679491855
0.0105 0.2667 0.6452 0.9224 0.9034 0.6013971326481776
0.0000 0.2586 0.6356 0.8943 0.9034 0.6013971326481776
0.0473 0.2502 0.6241 0.9217 0.9735 0.6013971326481776
0.0000 0.2377 0.6135 0.8512 0.9735 0.6013971326481776
0.0431 0.2270 0.6015 0.8715 0.9754 0.6013971326481776
0.0183 0.2192 0.5927 0.8301 0.9754 0.6013971326481776
0.0000 0.2142 0.5872 0.8014 0.9763 0.6013971326481776
0.0260 0.2098 0.5766 0.8124 0.9763 0.6013971326481776
0.0000 0.2057 0.5651 0.7708 0.9770 0.6013971326481776
0.0053 0.2021 0.5506 0.7581 0.9770 0.6013971326481776
0.0000 0.1995 0.5384 0.7378 0.9091 0.6702120900960334
0.0000 0.1970 0.5246 0.7216 0.9091 0.6702120900960334
0.0500 0.1948 0.5102 0.7550 0.9780 0.6702120900960334
0.0000 0.1920 0.5018 0.6938 0.9780 0.6702120900960334
0.0118 0.1899 0.4972 0.6989 0.9775 0.6702120900960334
0.0000 0.1883 0.4934 0.6816 0.9775 0.6702120900960334
0.0000 0.1869 0.4890 0.6759 0.9777 0.6702120900960334
0.0029 0.1860 0.4813 0.6702 0.9777 0.6702120900960334
0.0000 0.1849 0.4713 0.6562 0.9778 0.6702120900960334
0.0000 0.1841 0.4609 0.6450 0.9778 0.6702120900960334
0.0000 0.1836 0.4499 0.6335 0.9150 0.7119783074435858
0.0527 0.1832 0.4396 0.6755 0.9150 0.7119783074435858
0.0000 0.1816 0.4301 0.6116 0.9781 0.7119783074435858
0.0000 0.1805 0.4273 0.6078 0.9781 0.7119783074435858
0.0480 0.1793 0.4254 0.6527 0.9782 0.7119783074435858
0.0000 0.1783 0.4204 0.5987 0.9782 0.7119783074435858
0.0000 0.1775 0.4180 0.5955 0.9785 0.7119783074435858
0.0242 0.1774 0.4149 0.6165 0.9785 0.7119783074435858
0.0000 0.1763 0.4062 0.5825 0.9786 0.7119783074435858
0.0000 0.1759 0.3991 0.5750 0.9786 0.7119783074435858
0.0007 0.1756 0.3924 0.5687 0.9151 0.7142228300009337
0.0000 0.1754 0.3841 0.5595 0.9151 0.7142228300009337
0.0000 0.1749 0.3794 0.5542 0.9790 0.7142228300009337
0.0065 0.1748 0.3749 0.5562 0.9790 0.7142228300009337
0.0000 0.1741 0.3672 0.5413 0.9791 0.7142228300009337
0.0000 0.1735 0.3653 0.5387 0.9791 0.7142228300009337
0.0096 0.1732 0.3636 0.5464 0.9790 0.7142228300009337
0.0000 0.1722 0.3586 0.5308 0.9790 0.7142228300009337
0.0000 0.1715 0.3584 0.5299 0.9791 0.7142228300009337
0.0109 0.1712 0.3579 0.5400 0.9791 0.7142228300009337
0.0000 0.1703 0.3521 0.5224 0.9177 0.7304418027637174
0.0000 0.1697 0.3496 0.5192 0.9177 0.7304418027637174
0.0037 0.1693 0.3468 0.5197 0.9794 0.7304418027637174
0.0000 0.1689 0.3405 0.5094 0.9794 0.7304418027637174
0.0000 0.1684 0.3383 0.5067 0.9795 0.7304418027637174
0.0022 0.1684 0.3365 0.5070 0.9795 0.7304418027637174
0.0000 0.1676 0.3298 0.4974 0.9793 0.7304418027637174
0.0000 0.1672 0.3273 0.4946 0.9793 0.7304418027637174
0.0000 0.1669 0.3252 0.4921 0.9791 0.7304418027637174
0.0168 0.1668 0.3224 0.5060 0.9791 0.7304418027637174
0.0000 0.1662 0.3152 0.4815 0.9182 0.7355164637084192
0.0000 0.1656 0.3128 0.4784 0.9182 0.7355164637084192
0.0000 0.1651 0.3110 0.4761 0.9790 0.7355164637084192
0.0146 0.1650 0.3088 0.4884 0.9790 0.7355164637084192
0.0000 0.1641 0.3052 0.4694 0.9791 0.7355164637084192
0.0000 0.1633 0.3064 0.4697 0.9791 0.7355164637084192
0.0000 0.1625 0.3073 0.4698 0.9793 0.7355164637084192
0.0075 0.1621 0.3057 0.4753 0.9793 0.7355164637084192
0.0000 0.1617 0.3003 0.4620 0.9794 0.7355164637084192
0.0000 0.1616 0.2990 0.4606 0.9794 0.7355164637084192
0.0000 0.1614 0.2973 0.4588 0.9203 0.7443226260630084
0.0000 0.1616 0.2946 0.4563 0.9203 0.7443226260630084
0.0231 0.1620 0.2908 0.4759 0.9796 0.7443226260630084
0.0000 0.1603 0.2851 0.4454 0.9796 0.7443226260630084
0.0000 0.1587 0.2870 0.4457 0.9796 0.7443226260630084
0.0000 0.1575 0.2896 0.4471 0.9796 0.7443226260630084
0.0136 0.1570 0.2900 0.4606 0.9790 0.7443226260630084
0.0000 0.1555 0.2845 0.4400 0.9790 0.7443226260630084
0.0000 0.1545 0.2839 0.4384 0.9794 0.7443226260630084
0.0000 0.1535 0.2832 0.4367 0.9794 0.7443226260630084
0.0000 0.1530 0.2811 0.4341 0.9214 0.7521608803847006
0.0169 0.1529 0.2775 0.4473 0.9214 0.7521608803847006
0.0000 0.1520 0.2706 0.4226 0.9793 0.7521608803847006
0.0000 0.1517 0.2691 0.4208 0.9793 0.7521608803847006
0.0000 0.1511 0.2686 0.4197 0.9793 0.7521608803847006
0.0000 0.1506 0.2668 0.4175 0.9793 0.7521608803847006
0.0083 0.1505 0.2642 0.4230 0.9787 0.7521608803847006
0.0000 0.1498 0.2594 0.4092 0.9787 0.7521608803847006
0.0000 0.1489 0.2591 0.4081 0.9794 0.7521608803847006
0.0000 0.1479 0.2592 0.4071 0.9794 0.7521608803847006
0.0000 0.1473 0.2581 0.4054 0.9214 0.7490190431536285
0.0000 0.1469 0.2559 0.4028 0.9214 0.7490190431536285
0.0049 0.1465 0.2524 0.4039 0.9785 0.7490190431536285
0.0000 0.1449 0.2484 0.3933 0.9785 0.7490190431536285
0.0000 0.1444 0.2494 0.3938 0.9793 0.7490190431536285
0.0000 0.1434 0.2507 0.3941 0.9793 0.7490190431536285
0.0000 0.1422 0.2500 0.3922 0.9794 0.7490190431536285
0.0000 0.1410 0.2479 0.3889 0.9794 0.7490190431536285
0.0000 0.1401 0.2448 0.3850 0.9792 0.7490190431536285
0.0067 0.1395 0.2416 0.3879 0.9792 0.7490190431536285
0.0000 0.1381 0.2387 0.3768 0.9198 0.7473546275790949
0.0000 0.1368 0.2409 0.3777 0.9198 0.7473546275790949
0.0000 0.1351 0.2429 0.3781 0.9798 0.7473546275790949
0.0000 0.1338 0.2430 0.3768 0.9798 0.7473546275790949
0.0000 0.1329 0.2412 0.3741 0.9795 0.7473546275790949
0.0064 0.1323 0.2383 0.3770 0.9795 0.7473546275790949
0.0000 0.1321 0.2336 0.3657 0.9796 0.7473546275790949
0.0000 0.1318 0.2350 0.3668 0.9796 0.7473546275790949
0.0000 0.1306 0.2358 0.3664 0.9796 0.7473546275790949
0.0000 0.1293 0.2347 0.3639 0.9796 0.7473546275790949
0.0047 0.1285 0.2333 0.3665 0.9198 0.7472992379732841
0.0000 0.1271 0.2299 0.3570 0.9198 0.7472992379732841
0.0000 0.1260 0.2312 0.3572 0.9797 0.7472992379732841
0.0000 0.1246 0.2323 0.3569 0.9797 0.7472992379732841
0.0000 0.1233 0.2314 0.3547 0.9797 0.7472992379732841
0.0000 0.1223 0.2298 0.3521 0.9797 0.7472992379732841
0.0000 0.1216 0.2272 0.3488 0.9794 0.7472992379732841
0.0020 0.1208 0.2245 0.3473 0.9794 0.7472992379732841
0.0000 0.1199 0.2212 0.3411 0.9795 0.7472992379732841
0.0000 0.1188 0.2226 0.3414 0.9795 0.7472992379732841
0.0000 0.1169 0.2242 0.3412 0.9209 0.7504398760935219
0.0000 0.1151 0.2238 0.3390 0.9209 0.7504398760935219
0.0000 0.1138 0.2224 0.3362 0.9795 0.7504398760935219
0.0022 0.1124 0.2201 0.3347 0.9795 0.7504398760935219
0.0000 0.1110 0.2180 0.3289 0.9795 0.7504398760935219
0.0000 0.1100 0.2199 0.3299 0.9795 0.7504398760935219
0.0000 0.1083 0.2216 0.3299 0.9797 0.7504398760935219
0.0000 0.1068 0.2215 0.3283 0.9797 0.7504398760935219
0.0000 0.1057 0.2195 0.3252 0.9796 0.7504398760935219
0.0044 0.1047 0.2171 0.3261 0.9796 0.7504398760935219
0.0000 0.1042 0.2144 0.3185 0.9188 0.7437252345449092
0.0000 0.1032 0.2168 0.3200 0.9188 0.7437252345449092
0.0000 0.1015 0.2184 0.3199 0.9795 0.7437252345449092
0.0000 0.1000 0.2179 0.3179 0.9795 0.7437252345449092
0.0000 0.0992 0.2167 0.3159 0.9795 0.7437252345449092
0.0024 0.0985 0.2143 0.3152 0.9795 0.7437252345449092
0.0000 0.0987 0.2118 0.3105 0.9794 0.7437252345449092
0.0000 0.0984 0.2143 0.3126 0.9794 0.7437252345449092
0.0000 0.0974 0.2160 0.3134 0.9795 0.7437252345449092
0.0000 0.0967 0.2146 0.3113 0.9795 0.7437252345449092
0.0074 0.0967 0.2125 0.3166 0.9188 0.7441538610512073
0.0000 0.0962 0.2084 0.3046 0.9188 0.7441538610512073
0.0000 0.0954 0.2111 0.3065 0.9796 0.7441538610512073
0.0000 0.0946 0.2126 0.3072 0.9796 0.7441538610512073
0.0000 0.0943 0.2109 0.3053 0.9794 0.7441538610512073
0.0000 0.0943 0.2085 0.3029 0.9794 0.7441538610512073
0.0000 0.0940 0.2060 0.3001 0.9791 0.7441538610512073
0.0000 0.0932 0.2034 0.2967 0.9791 0.7441538610512073
0.0000 0.0925 0.2015 0.2940 0.9791 0.7441538610512073
0.0000 0.0919 0.1995 0.2914 0.9791 0.7441538610512073
0.0000 0.0915 0.1975 0.2890 0.9181 0.745855700825148
0.0015 0.0909 0.1957 0.2881 0.9181 0.745855700825148
0.0000 0.0905 0.1949 0.2854 0.9793 0.745855700825148
0.0000 0.0896 0.1950 0.2846 0.9793 0.745855700825148
0.0000 0.0894 0.1944 0.2838 0.9799 0.745855700825148
0.0000 0.0902 0.1925 0.2826 0.9799 0.745855700825148
0.0000 0.0906 0.1890 0.2796 0.9799 0.745855700825148
0.0000 0.0906 0.1859 0.2765 0.9799 0.745855700825148
0.0000 0.0907 0.1825 0.2731 0.9798 0.745855700825148
0.0000 0.0909 0.1804 0.2713 0.9798 0.745855700825148
0.0000 0.0907 0.1783 0.2690 0.9197 0.7511204838376869
0.0000 0.0903 0.1769 0.2672 0.9197 0.7511204838376869
0.0000 0.0899 0.1757 0.2655 0.9797 0.7511204838376869
0.0000 0.0895 0.1738 0.2633 0.9797 0.7511204838376869
0.0000 0.0893 0.1721 0.2614 0.9798 0.7511204838376869
0.0000 0.0892 0.1698 0.2591 0.9798 0.7511204838376869
0.0000 0.0891 0.1678 0.2569 0.9798 0.7511204838376869
0.0000 0.0888 0.1653 0.2541 0.9798 0.7511204838376869
0.0000 0.0885 0.1637 0.2521 0.9798 0.7511204838376869
0.0000 0.0881 0.1620 0.2501 0.9798 0.7511204838376869
0.0000 0.0877 0.1612 0.2490 0.9211 0.7554555850792293
0.0000 0.0873 0.1604 0.2476 0.9211 0.7554555850792293
0.0000 0.0869 0.1592 0.2461 0.9802 0.7554555850792293
0.0000 0.0866 0.1589 0.2455 0.9802 0.7554555850792293
0.0000 0.0864 0.1575 0.2439 0.9804 0.7554555850792293
0.0000 0.0864 0.1565 0.2429 0.9804 0.7554555850792293
0.0000 0.0863 0.1552 0.2415 0.9804 0.7554555850792293
0.0000 0.0862 0.1540 0.2402 0.9804 0.7554555850792293
0.0000 0.0860 0.1526 0.2386 0.9803 0.7554555850792293
0.0000 0.0857 0.1512 0.2370 0.9803 0.7554555850792293
0.0009 0.0855 0.1503 0.2367 0.9231 0.7574057172994956
0.0000 0.0854 0.1522 0.2377 0.9231 0.7574057172994956
0.0000 0.0853 0.1574 0.2427 0.9805 0.7574057172994956
0.0000 0.0866 0.1601 0.2467 0.9805 0.7574057172994956
0.0029 0.0867 0.1600 0.2496 0.9802 0.7574057172994956
0.0000 0.0834 0.1589 0.2423 0.9802 0.7574057172994956
0.0000 0.0841 0.1647 0.2488 0.9801 0.7574057172994956
0.0000 0.0836 0.1668 0.2504 0.9801 0.7574057172994956
0.0132 0.0824 0.1670 0.2626 0.9801 0.7574057172994956
0.0000 0.0826 0.1645 0.2471 0.9801 0.7574057172994956
0.0000 0.0810 0.1730 0.2540 0.9242 0.7621271933213196
0.0172 0.0827 0.1794 0.2793 0.9242 0.7621271933213196
0.0000 0.0816 0.1737 0.2553 0.9800 0.7621271933213196
0.0000 0.0817 0.1799 0.2616 0.9800 0.7621271933213196
0.0000 0.0818 0.1855 0.2673 0.9799 0.7621271933213196
0.0153 0.0817 0.1872 0.2842 0.9799 0.7621271933213196
0.0000 0.0834 0.1811 0.2645 0.9795 0.7621271933213196
0.0000 0.0835 0.1840 0.2675 0.9795 0.7621271933213196
0.0000 0.0822 0.1860 0.2682 0.9799 0.7621271933213196
0.0142 0.0818 0.1860 0.2819 0.9799 0.7621271933213196
0.0000 0.0836 0.1819 0.2655 0.9201 0.7528834119210225
0.0000 0.0826 0.1867 0.2692 0.9201 0.7528834119210225
0.0000 0.0822 0.1893 0.2715 0.9798 0.7528834119210225
0.0000 0.0828 0.1885 0.2714 0.9798 0.7528834119210225
0.0000 0.0830 0.1860 0.2689 0.9795 0.7528834119210225
0.0000 0.0822 0.1810 0.2632 0.9795 0.7528834119210225
0.0000 0.0823 0.1774 0.2597 0.9793 0.7528834119210225
0.0000 0.0829 0.1737 0.2566 0.9793 0.7528834119210225
0.0000 0.0830 0.1708 0.2537 0.9792 0.7528834119210225
0.0000 0.0823 0.1685 0.2508 0.9792 0.7528834119210225
0.0023 0.0817 0.1660 0.2500 0.9162 0.7429486254647978
0.0000 0.0833 0.1655 0.2488 0.9162 0.7429486254647978
0.0000 0.0830 0.1685 0.2515 0.9795 0.7429486254647978
0.0000 0.0832 0.1681 0.2513 0.9795 0.7429486254647978
0.0000 0.0846 0.1651 0.2497 0.9795 0.7429486254647978
0.0000 0.0855 0.1622 0.2477 0.9795 0.7429486254647978
0.0000 0.0848 0.1584 0.2432 0.9793 0.7429486254647978
0.0000 0.0838 0.1553 0.2391 0.9793 0.7429486254647978
0.0000 0.0838 0.1521 0.2359 0.9790 0.7429486254647978
0.0000 0.0845 0.1503 0.2347 0.9790 0.7429486254647978
0.0000 0.0848 0.1481 0.2329 0.9148 0.7447803926426173
0.0000 0.0844 0.1463 0.2307 0.9148 0.7447803926426173
0.0000 0.0836 0.1446 0.2282 0.9793 0.7447803926426173
0.0000 0.0833 0.1425 0.2257 0.9793 0.7447803926426173
0.0064 0.0834 0.1407 0.2305 0.9797 0.7447803926426173
0.0000 0.0855 0.1397 0.2252 0.9797 0.7447803926426173
0.0000 0.0857 0.1434 0.2290 0.9787 0.7447803926426173
0.0000 0.0848 0.1433 0.2281 0.9787 0.7447803926426173
0.0000 0.0843 0.1417 0.2261 0.9792 0.7447803926426173
0.0000 0.0847 0.1402 0.2248 0.9792 0.7447803926426173
0.0000 0.0844 0.1380 0.2224 0.9160 0.7514925370093297
0.0000 0.0836 0.1355 0.2191 0.9160 0.7514925370093297
0.0000 0.0834 0.1340 0.2174 0.9789 0.7514925370093297
0.0000 0.0837 0.1327 0.2164 0.9789 0.7514925370093297
0.0000 0.0837 0.1318 0.2154 0.9789 0.7514925370093297
0.0000 0.0832 0.1311 0.2144 0.9789 0.7514925370093297
0.0000 0.0827 0.1299 0.2126 0.9794 0.7514925370093297
0.0000 0.0825 0.1291 0.2116 0.9794 0.7514925370093297
0.0000 0.0827 0.1273 0.2100 0.9797 0.7514925370093297
0.0000 0.0829 0.1254 0.2083 0.9797 0.7514925370093297
0.0000 0.0832 0.1232 0.2064 0.9176 0.7547993725826483
0.0000 0.0835 0.1210 0.2045 0.9176 0.7547993725826483
0.0000 0.0839 0.1187 0.2026 0.9794 0.7547993725826483
0.0000 0.0841 0.1166 0.2008 0.9794 0.7547993725826483
0.0000 0.0842 0.1157 0.1998 0.9795 0.7547993725826483
0.0000 0.0841 0.1140 0.1980 0.9795 0.7547993725826483
0.0000 0.0840 0.1126 0.1966 0.9798 0.7547993725826483
0.0000 0.0839 0.1126 0.1965 0.9798 0.7547993725826483
0.0000 0.0836 0.1115 0.1951 0.9800 0.7547993725826483
0.0000 0.0834 0.1118 0.1952 0.9800 0.7547993725826483
0.0000 0.0831 0.1113 0.1944 0.9186 0.7592165976570513
0.0000 0.0830 0.1113 0.1942 0.9186 0.7592165976570513
0.0000 0.0828 0.1112 0.1940 0.9803 0.7592165976570513
0.0000 0.0825 0.1104 0.1929 0.9803 0.7592165976570513
0.0006 0.0823 0.1104 0.1934 0.9805 0.7592165976570513
0.0000 0.0836 0.1112 0.1948 0.9805 0.7592165976570513
0.0000 0.0834 0.1150 0.1984 0.9801 0.7592165976570513
0.0000 0.0841 0.1173 0.2015 0.9801 0.7592165976570513
0.0000 0.0844 0.1166 0.2011 0.9801 0.7592165976570513
0.0000 0.0833 0.1141 0.1975 0.9801 0.7592165976570513
0.0000 0.0824 0.1121 0.1945 0.9197 0.7606480193875473
0.0000 0.0826 0.1100 0.1926 0.9197 0.7606480193875473
0.0000 0.0830 0.1090 0.1920 0.9801 0.7606480193875473
0.0000 0.0827 0.1081 0.1908 0.9801 0.7606480193875473
0.0000 0.0820 0.1068 0.1888 0.9804 0.7606480193875473
0.0000 0.0814 0.1071 0.1885 0.9804 0.7606480193875473
0.0000 0.0812 0.1067 0.1879 0.9807 0.7606480193875473
0.0000 0.0811 0.1064 0.1875 0.9807 0.7606480193875473
0.0000 0.0809 0.1053 0.1862 0.9808 0.7606480193875473
0.0000 0.0809 0.1042 0.1851 0.9808 0.7606480193875473
0.0000 0.0811 0.1033 0.1844 0.9207 0.7635238863811474
0.0000 0.0814 0.1037 0.1851 0.9207 0.7635238863811474
0.0000 0.0813 0.1023 0.1836 0.9806 0.7635238863811474
0.0000 0.0812 0.1007 0.1819 0.9806 0.7635238863811474
0.0000 0.0811 0.1003 0.1815 0.9808 0.7635238863811474
0.0000 0.0811 0.0995 0.1806 0.9808 0.7635238863811474
0.0000 0.0810 0.0982 0.1791 0.9810 0.7635238863811474
0.0000 0.0809 0.0972 0.1781 0.9810 0.7635238863811474
0.0000 0.0809 0.0961 0.1770 0.9811 0.7635238863811474
0.0000 0.0809 0.0949 0.1759 0.9811 0.7635238863811474
0.0000 0.0809 0.0940 0.1750 0.9215 0.7630809457275537
0.0000 0.0809 0.0927 0.1736 0.9215 0.7630809457275537
0.0000 0.0809 0.0926 0.1734 0.9813 0.7630809457275537
0.0000 0.0807 0.0913 0.1720 0.9813 0.7630809457275537
0.0000 0.0804 0.0905 0.1710 0.9813 0.7630809457275537
0.0000 0.0801 0.0905 0.1707 0.9813 0.7630809457275537
0.0000 0.0798 0.0904 0.1703 0.9814 0.7630809457275537
0.0000 0.0796 0.0896 0.1692 0.9814 0.7630809457275537
0.0000 0.0794 0.0903 0.1697 0.9815 0.7630809457275537
0.0000 0.0792 0.0898 0.1690 0.9815 0.7630809457275537
0.0000 0.0790 0.0889 0.1680 0.9228 0.7674120698098933
0.0000 0.0788 0.0895 0.1683 0.9228 0.7674120698098933
0.0000 0.0786 0.0887 0.1673 0.9817 0.7674120698098933
0.0000 0.0784 0.0886 0.1670 0.9817 0.7674120698098933
0.0000 0.0782 0.0879 0.1662 0.9818 0.7674120698098933
0.0000 0.0781 0.0876 0.1658 0.9818 0.7674120698098933
0.0014 0.0780 0.0872 0.1666 0.9818 0.7674120698098933
0.0000 0.0801 0.0910 0.1711 0.9818 0.7674120698098933
0.0085 0.0820 0.1002 0.1908 0.9797 0.7674120698098933
0.0000 0.0789 0.0961 0.1750 0.9797 0.7674120698098933
0.0000 0.0803 0.1056 0.1858 0.9229 0.7637098336304403
0.0626 0.0831 0.1109 0.2566 0.9229 0.7637098336304403
0.0000 0.0793 0.1026 0.1819 0.9802 0.7637098336304403
0.0000 0.0796 0.1128 0.1925 0.9802 0.7637098336304403
0.0205 0.0786 0.1178 0.2169 0.9800 0.7637098336304403
0.0000 0.0807 0.1078 0.1885 0.9800 0.7637098336304403
0.0000 0.0795 0.1131 0.1926 0.9799 0.7637098336304403
0.0290 0.0800 0.1184 0.2273 0.9799 0.7637098336304403
0.0000 0.0824 0.1096 0.1920 0.9791 0.7637098336304403
0.0000 0.0825 0.1128 0.1953 0.9791 0.7637098336304403
0.0044 0.0812 0.1179 0.2035 0.9157 0.740660431490324
0.0000 0.0836 0.1114 0.1950 0.9157 0.740660431490324
0.0000 0.0820 0.1140 0.1960 0.9791 0.740660431490324
0.0356 0.0809 0.1181 0.2345 0.9791 0.740660431490324
0.0000 0.0836 0.1099 0.1935 0.9785 0.740660431490324
0.0000 0.0826 0.1130 0.1957 0.9785 0.740660431490324
0.0180 0.0818 0.1181 0.2180 0.9789 0.740660431490324
0.0000 0.0852 0.1076 0.1928 0.9789 0.740660431490324
0.0000 0.0843 0.1078 0.1922 0.9780 0.740660431490324
0.0000 0.0830 0.1111 0.1940 0.9780 0.740660431490324
0.0428 0.0828 0.1115 0.2371 0.9108 0.7192600862425361
0.0000 0.0851 0.1017 0.1869 0.9108 0.7192600862425361
0.0000 0.0848 0.1013 0.1861 0.9779 0.7192600862425361
0.0000 0.0845 0.1031 0.1876 0.9779 0.7192600862425361
0.0048 0.0847 0.1041 0.1936 0.9786 0.7192600862425361
0.0000 0.0860 0.0963 0.1824 0.9786 0.7192600862425361
0.0000 0.0862 0.0956 0.1818 0.9777 0.7192600862425361
0.0000 0.0855 0.0957 0.1813 0.9777 0.7192600862425361
0.0077 0.0856 0.0944 0.1877 0.9785 0.7192600862425361
0.0000 0.0887 0.0880 0.1766 0.9785 0.7192600862425361
0.0000 0.0883 0.0873 0.1756 0.9117 0.7351184800520315
0.0000 0.0878 0.0889 0.1767 0.9117 0.7351184800520315
0.0395 0.0886 0.0904 0.2185 0.9781 0.7351184800520315
0.0000 0.0905 0.0822 0.1727 0.9781 0.7351184800520315
0.0000 0.0909 0.0810 0.1719 0.9761 0.7351184800520315
0.0000 0.0905 0.0809 0.1714 0.9761 0.7351184800520315
0.0029 0.0902 0.0818 0.1749 0.9777 0.7351184800520315
0.0000 0.0919 0.0766 0.1685 0.9777 0.7351184800520315
0.0000 0.0918 0.0750 0.1668 0.9756 0.7351184800520315
0.0000 0.0915 0.0742 0.1656 0.9756 0.7351184800520315
0.0036 0.0914 0.0741 0.1691 0.8917 0.6632194486762076
0.0000 0.0945 0.0710 0.1655 0.8917 0.6632194486762076
0.0000 0.0938 0.0706 0.1643 0.9753 0.6632194486762076
0.0005 0.0936 0.0714 0.1655 0.9753 0.6632194486762076
0.0000 0.0948 0.0691 0.1639 0.9743 0.6632194486762076
0.0000 0.0950 0.0695 0.1645 0.9743 0.6632194486762076
0.0000 0.0950 0.0710 0.1661 0.9755 0.6632194486762076
0.0167 0.0949 0.0718 0.1834 0.9755 0.6632194486762076
0.0000 0.0947 0.0679 0.1626 0.9743 0.6632194486762076
0.0000 0.0937 0.0685 0.1622 0.9743 0.6632194486762076
0.0000 0.0922 0.0708 0.1631 0.9088 0.7346179642397199
0.0086 0.0908 0.0723 0.1718 0.9088 0.7346179642397199
0.0000 0.0932 0.0676 0.1607 0.9737 0.7346179642397199
0.0000 0.0927 0.0668 0.1596 0.9737 0.7346179642397199
0.0000 0.0918 0.0669 0.1587 0.9745 0.7346179642397199
0.0000 0.0911 0.0673 0.1585 0.9745 0.7346179642397199
0.0003 0.0910 0.0675 0.1588 0.9762 0.7346179642397199
0.0000 0.0918 0.0638 0.1556 0.9762 0.7346179642397199
0.0000 0.0918 0.0640 0.1558 0.9741 0.7346179642397199
0.0000 0.0916 0.0642 0.1558 0.9741 0.7346179642397199
0.0015 0.0918 0.0644 0.1577 0.8919 0.672943361523546
0.0000 0.0921 0.0613 0.1534 0.8919 0.672943361523546
0.0000 0.0916 0.0608 0.1524 0.9751 0.672943361523546
0.0000 0.0914 0.0611 0.1525 0.9751 0.672943361523546
0.0077 0.0916 0.0616 0.1609 0.9765 0.672943361523546
0.0000 0.0916 0.0601 0.1516 0.9765 0.672943361523546
0.0000 0.0909 0.0607 0.1516 0.9749 0.672943361523546
0.0001 0.0903 0.0627 0.1531 0.9749 0.672943361523546
0.0000 0.0905 0.0614 0.1519 0.9738 0.672943361523546
0.0000 0.0901 0.0618 0.1519 0.9738 0.672943361523546
0.0000 0.0898 0.0626 0.1523 0.9021 0.7071332643050892
0.0000 0.0895 0.0634 0.1529 0.9021 0.7071332643050892
0.0224 0.0894 0.0633 0.1751 0.9767 0.7071332643050892
0.0000 0.0907 0.0589 0.1496 0.9767 0.7071332643050892
0.0000 0.0901 0.0584 0.1486 0.9739 0.7071332643050892
0.0000 0.0897 0.0585 0.1483 0.9739 0.7071332643050892
0.0000 0.0896 0.0584 0.1480 0.9757 0.7071332643050892
0.0000 0.0899 0.0582 0.1481 0.9757 0.7071332643050892
0.0058 0.0901 0.0579 0.1538 0.9769 0.7071332643050892
0.0000 0.0912 0.0553 0.1465 0.9769 0.7071332643050892
0.0000 0.0910 0.0552 0.1462 0.8942 0.6890246256661363
0.0000 0.0908 0.0551 0.1459 0.8942 0.6890246256661363
0.0000 0.0908 0.0554 0.1461 0.9753 0.6890246256661363
0.0000 0.0909 0.0560 0.1469 0.9753 0.6890246256661363
0.0079 0.0909 0.0562 0.1550 0.9765 0.6890246256661363
0.0000 0.0912 0.0542 0.1454 0.9765 0.6890246256661363
0.0000 0.0901 0.0549 0.1450 0.9738 0.6890246256661363
0.0000 0.0893 0.0555 0.1448 0.9738 0.6890246256661363
0.0000 0.0889 0.0561 0.1450 0.9754 0.6890246256661363
0.0000 0.0888 0.0565 0.1454 0.9754 0.6890246256661363
0.0192 0.0889 0.0562 0.1644 0.8888 0.6684085809511733
0.0000 0.0898 0.0537 0.1436 0.8888 0.6684085809511733
0.0000 0.0896 0.0539 0.1435 0.9739 0.6684085809511733
0.0000 0.0897 0.0540 0.1437 0.9739 0.6684085809511733
0.0000 0.0900 0.0538 0.1438 0.9744 0.6684085809511733
0.0000 0.0907 0.0528 0.1434 0.9744 0.6684085809511733
0.0000 0.0915 0.0515 0.1430 0.9752 0.6684085809511733
0.0000 0.0922 0.0501 0.1424 0.9752 0.6684085809511733
0.0000 0.0924 0.0491 0.1415 0.9760 0.6684085809511733
0.0000 0.0919 0.0486 0.1405 0.9760 0.6684085809511733
0.0000 0.0908 0.0487 0.1395 0.9070 0.7243853126913837
0.0000 0.0895 0.0491 0.1386 0.9070 0.7243853126913837
0.0000 0.0882 0.0497 0.1379 0.9772 0.7243853126913837
0.0025 0.0870 0.0502 0.1397 0.9772 0.7243853126913837
0.0000 0.0893 0.0498 0.1391 0.9738 0.7243853126913837
0.0000 0.0892 0.0502 0.1393 0.9738 0.7243853126913837
0.0000 0.0903 0.0509 0.1411 0.9746 0.7243853126913837
0.0000 0.0917 0.0517 0.1434 0.9746 0.7243853126913837
0.0000 0.0924 0.0517 0.1442 0.9751 0.7243853126913837
0.0044 0.0917 0.0509 0.1470 0.9751 0.7243853126913837
0.0000 0.0892 0.0488 0.1381 0.8830 0.6465357517636833
0.0000 0.0896 0.0496 0.1392 0.8830 0.6465357517636833
0.0000 0.0910 0.0495 0.1405 0.9735 0.6465357517636833
0.0000 0.0913 0.0483 0.1396 0.9735 0.6465357517636833
0.0085 0.0915 0.0464 0.1464 0.9758 0.6465357517636833
0.0000 0.0925 0.0435 0.1360 0.9758 0.6465357517636833
0.0000 0.0952 0.0437 0.1389 0.9756 0.6465357517636833
0.0000 0.0969 0.0454 0.1423 0.9756 0.6465357517636833
0.0000 0.0958 0.0475 0.1433 0.9764 0.6465357517636833
0.0000 0.0921 0.0495 0.1416 0.9764 0.6465357517636833
0.0000 0.0879 0.0511 0.1390 0.9050 0.7313157517939978
0.0000 0.0848 0.0516 0.1365 0.9050 0.7313157517939978
0.0000 0.0832 0.0512 0.1344 0.9770 0.7313157517939978
0.0107 0.0834 0.0497 0.1438 0.9770 0.7313157517939978
0.0000 0.0888 0.0463 0.1351 0.9733 0.7313157517939978
0.0000 0.0907 0.0439 0.1346 0.9733 0.7313157517939978
0.0000 0.0931 0.0409 0.1340 0.9740 0.7313157517939978
0.0000 0.0952 0.0400 0.1352 0.9740 0.7313157517939978
0.0000 0.0946 0.0410 0.1355 0.9757 0.7313157517939978
0.0083 0.0911 0.0429 0.1423 0.9757 0.7313157517939978
0.0000 0.0885 0.0447 0.1332 0.8977 0.6978743267849495
0.0000 0.0869 0.0478 0.1347 0.8977 0.6978743267849495
0.0000 0.0862 0.0496 0.1359 0.9759 0.6978743267849495
0.0000 0.0857 0.0502 0.1359 0.9759 0.6978743267849495
0.0000 0.0853 0.0497 0.1350 0.9770 0.6978743267849495
0.0011 0.0856 0.0479 0.1346 0.9770 0.6978743267849495
0.0000 0.0889 0.0434 0.1323 0.9735 0.6978743267849495
0.0000 0.0902 0.0415 0.1316 0.9735 0.6978743267849495
0.0000 0.0914 0.0399 0.1313 0.9740 0.6978743267849495
0.0000 0.0918 0.0391 0.1308 0.9740 0.6978743267849495
0.0000 0.0909 0.0396 0.1305 0.9080 0.7386850978344627
0.0159 0.0888 0.0415 0.1463 0.9080 0.7386850978344627
0.0000 0.0881 0.0429 0.1310 0.9735 0.7386850978344627
0.0000 0.0872 0.0455 0.1328 0.9735 0.7386850978344627
0.0000 0.0878 0.0470 0.1348 0.9751 0.7386850978344627
0.0000 0.0884 0.0473 0.1357 0.9751 0.7386850978344627
0.0000 0.0887 0.0466 0.1353 0.9765 0.7386850978344627
0.0115 0.0890 0.0457 0.1462 0.9765 0.7386850978344627
0.0000 0.0878 0.0433 0.1311 0.9738 0.7386850978344627
0.0000 0.0875 0.0430 0.1305 0.9738 0.7386850978344627
0.0000 0.0895 0.0419 0.1315 0.8710 0.6244827647916439
0.0000 0.0922 0.0401 0.1323 0.8710 0.6244827647916439
0.0000 0.0949 0.0379 0.1328 0.9716 0.6244827647916439
0.0000 0.0964 0.0363 0.1327 0.9716 0.6244827647916439
0.0000 0.0946 0.0364 0.1310 0.9741 0.6244827647916439
0.0000 0.0900 0.0386 0.1286 0.9741 0.6244827647916439
0.0000 0.0856 0.0417 0.1273 0.9767 0.6244827647916439
0.0000 0.0827 0.0446 0.1274 0.9767 0.6244827647916439
0.0124 0.0812 0.0465 0.1401 0.9777 0.6244827647916439
0.0000 0.0855 0.0451 0.1306 0.9777 0.6244827647916439
0.0000 0.0863 0.0436 0.1299 0.8869 0.6834510722703178
0.0000 0.0882 0.0406 0.1288 0.8869 0.6834510722703178
0.0000 0.0919 0.0374 0.1293 0.9734 0.6834510722703178
0.0000 0.0951 0.0357 0.1309 0.9734 0.6834510722703178
0.0000 0.0939 0.0364 0.1303 0.9738 0.6834510722703178
0.0000 0.0895 0.0382 0.1277 0.9738 0.6834510722703178
0.0000 0.0860 0.0404 0.1264 0.9744 0.6834510722703178
0.0000 0.0847 0.0420 0.1267 0.9744 0.6834510722703178
0.0000 0.0841 0.0422 0.1263 0.9759 0.6834510722703178
0.0275 0.0840 0.0414 0.1528 0.9759 0.6834510722703178
