1.1311 0.6843 5.9851 7.8005 0.2030 0.02659317185824986
1.2229 0.6704 4.5791 6.4725 0.2030 0.02659317185824986
1.3027 0.6612 3.6262 5.5901 0.9463 0.02659317185824986
1.3378 0.6557 2.9913 4.9848 0.9463 0.02659317185824986
1.3354 0.6531 2.5425 4.5310 0.8269 0.02659317185824986
1.3092 0.6530 2.2017 4.1638 0.8269 0.02659317185824986
1.2587 0.6552 1.9381 3.8519 0.7083 0.02659317185824986
1.1774 0.6590 1.7402 3.5766 0.7083 0.02659317185824986
1.0634 0.6636 1.6052 3.3322 0.6314 0.02659317185824986
0.9331 0.6680 1.5205 3.1217 0.6314 0.02659317185824986
0.8090 0.6713 1.4612 2.9415 0.1758 0.02585708975827172
0.7057 0.6726 1.4021 2.7804 0.1758 0.02585708975827172
0.6259 0.6717 1.3354 2.6330 0.9179 0.02585708975827172
0.5707 0.6683 1.2652 2.5042 0.9179 0.02585708975827172
0.5397 0.6629 1.2009 2.4035 0.9544 0.02585708975827172
0.5190 0.6558 1.1481 2.3229 0.9544 0.02585708975827172
0.5014 0.6470 1.1081 2.2564 0.9661 0.02585708975827172
0.4831 0.6364 1.0752 2.1947 0.9661 0.02585708975827172
0.4595 0.6243 1.0460 2.1298 0.9734 0.02585708975827172
0.4367 0.6108 1.0185 2.0660 0.9734 0.02585708975827172
0.4188 0.5956 0.9930 2.0074 0.6529 0.06103129144968503
0.4002 0.5783 0.9663 1.9448 0.6529 0.06103129144968503
0.3742 0.5591 0.9385 1.8718 0.9811 0.06103129144968503
0.3486 0.5383 0.9119 1.7988 0.9811 0.06103129144968503
0.3287 0.5163 0.8856 1.7305 0.9833 0.06103129144968503
0.3087 0.4937 0.8590 1.6614 0.9833 0.06103129144968503
0.2876 0.4709 0.8329 1.5913 0.9849 0.06103129144968503
0.2655 0.4476 0.8082 1.5214 0.9849 0.06103129144968503
0.2446 0.4243 0.7862 1.4551 0.9861 0.06103129144968503
0.2228 0.4013 0.7666 1.3908 0.9861 0.06103129144968503
0.2007 0.3791 0.7483 1.3281 0.8159 0.16868372078985297
0.1824 0.3578 0.7315 1.2718 0.8159 0.16868372078985297
0.1653 0.3377 0.7162 1.2192 0.9884 0.16868372078985297
0.1483 0.3185 0.7016 1.1684 0.9884 0.16868372078985297
0.1338 0.3005 0.6871 1.1214 0.9892 0.16868372078985297
0.1206 0.2843 0.6725 1.0774 0.9892 0.16868372078985297
0.1047 0.2696 0.6584 1.0327 0.9898 0.16868372078985297
0.0877 0.2569 0.6453 0.9900 0.9898 0.16868372078985297
0.0684 0.2466 0.6336 0.9486 0.9905 0.16868372078985297
0.0468 0.2385 0.6222 0.9075 0.9905 0.16868372078985297
0.0187 0.2317 0.6111 0.8616 0.8928 0.5305093828678287
0.0000 0.2274 0.6007 0.8281 0.8928 0.5305093828678287
0.0000 0.2200 0.5830 0.8030 0.9910 0.5305093828678287
0.0355 0.2094 0.5636 0.8085 0.9910 0.5305093828678287
0.0000 0.2037 0.5611 0.7648 0.9894 0.5305093828678287
0.0135 0.1968 0.5581 0.7684 0.9894 0.5305093828678287
0.0000 0.1905 0.5529 0.7435 0.9891 0.5305093828678287
0.0000 0.1829 0.5458 0.7287 0.9891 0.5305093828678287
0.0400 0.1737 0.5346 0.7483 0.9909 0.5305093828678287
0.0016 0.1657 0.5225 0.6898 0.9909 0.5305093828678287
0.0000 0.1642 0.5139 0.6780 0.9049 0.650118071333373
0.0291 0.1620 0.5051 0.6962 0.9049 0.650118071333373
0.0000 0.1576 0.4958 0.6534 0.9911 0.650118071333373
0.0014 0.1536 0.4868 0.6418 0.9911 0.650118071333373
0.0000 0.1508 0.4768 0.6276 0.9910 0.650118071333373
0.0022 0.1479 0.4671 0.6171 0.9910 0.650118071333373
0.0000 0.1464 0.4578 0.6041 0.9910 0.650118071333373
0.0017 0.1448 0.4486 0.5951 0.9910 0.650118071333373
0.0000 0.1437 0.4397 0.5835 0.9909 0.650118071333373
0.0000 0.1425 0.4313 0.5738 0.9909 0.650118071333373
0.0057 0.1408 0.4224 0.5689 0.9037 0.6358650765229971
0.0000 0.1396 0.4148 0.5544 0.9037 0.6358650765229971
0.0000 0.1387 0.4103 0.5490 0.9909 0.6358650765229971
0.0229 0.1374 0.4054 0.5657 0.9909 0.6358650765229971
0.0000 0.1367 0.3989 0.5356 0.9908 0.6358650765229971
0.0000 0.1364 0.3973 0.5337 0.9908 0.6358650765229971
0.0191 0.1351 0.3947 0.5490 0.9906 0.6358650765229971
0.0000 0.1327 0.3885 0.5212 0.9906 0.6358650765229971
0.0000 0.1314 0.3852 0.5166 0.9905 0.6358650765229971
0.0078 0.1301 0.3811 0.5190 0.9905 0.6358650765229971
0.0000 0.1294 0.3726 0.5020 0.9080 0.6722540455916857
0.0000 0.1291 0.3658 0.4949 0.9080 0.6722540455916857
0.0086 0.1287 0.3593 0.4965 0.9911 0.6722540455916857
0.0000 0.1285 0.3515 0.4800 0.9911 0.6722540455916857
0.0000 0.1287 0.3454 0.4741 0.9911 0.6722540455916857
0.0000 0.1287 0.3396 0.4683 0.9911 0.6722540455916857
0.0317 0.1283 0.3330 0.4930 0.9918 0.6722540455916857
0.0000 0.1272 0.3289 0.4560 0.9918 0.6722540455916857
0.0000 0.1266 0.3334 0.4600 0.9914 0.6722540455916857
0.0341 0.1261 0.3374 0.4977 0.9914 0.6722540455916857
0.0000 0.1261 0.3331 0.4592 0.9166 0.7106198809899428
0.0000 0.1266 0.3326 0.4592 0.9166 0.7106198809899428
0.0000 0.1267 0.3312 0.4578 0.9911 0.7106198809899428
0.0141 0.1258 0.3269 0.4668 0.9911 0.7106198809899428
0.0000 0.1239 0.3188 0.4428 0.9919 0.7106198809899428
0.0000 0.1232 0.3143 0.4374 0.9919 0.7106198809899428
0.0000 0.1227 0.3107 0.4334 0.9919 0.7106198809899428
0.0315 0.1225 0.3066 0.4606 0.9919 0.7106198809899428
0.0000 0.1229 0.2977 0.4206 0.9921 0.7106198809899428
0.0000 0.1240 0.2940 0.4180 0.9921 0.7106198809899428
0.0000 0.1249 0.2916 0.4165 0.9195 0.7269068662658659
0.0138 0.1248 0.2885 0.4271 0.9195 0.7269068662658659
0.0000 0.1231 0.2830 0.4061 0.9920 0.7269068662658659
0.0000 0.1224 0.2818 0.4042 0.9920 0.7269068662658659
0.0000 0.1220 0.2807 0.4026 0.9920 0.7269068662658659
0.0239 0.1217 0.2780 0.4236 0.9920 0.7269068662658659
0.0000 0.1209 0.2745 0.3955 0.9922 0.7269068662658659
0.0000 0.1211 0.2776 0.3988 0.9922 0.7269068662658659
0.0037 0.1215 0.2803 0.4055 0.9922 0.7269068662658659
0.0000 0.1202 0.2747 0.3949 0.9922 0.7269068662658659
0.0000 0.1200 0.2749 0.3950 0.9201 0.7372958734008419
0.0000 0.1197 0.2753 0.3950 0.9201 0.7372958734008419
0.0180 0.1189 0.2735 0.4105 0.9919 0.7372958734008419
0.0000 0.1173 0.2675 0.3849 0.9919 0.7372958734008419
0.0000 0.1170 0.2657 0.3827 0.9920 0.7372958734008419
0.0000 0.1170 0.2643 0.3812 0.9920 0.7372958734008419
0.0221 0.1171 0.2620 0.4012 0.9918 0.7372958734008419
0.0000 0.1168 0.2555 0.3722 0.9918 0.7372958734008419
0.0000 0.1172 0.2547 0.3719 0.9922 0.7372958734008419
0.0000 0.1178 0.2545 0.3722 0.9922 0.7372958734008419
0.0013 0.1179 0.2527 0.3718 0.9174 0.7208750009435986
0.0000 0.1163 0.2481 0.3644 0.9174 0.7208750009435986
0.0000 0.1156 0.2483 0.3639 0.9922 0.7208750009435986
0.0000 0.1153 0.2487 0.3640 0.9922 0.7208750009435986
0.0000 0.1151 0.2479 0.3630 0.9923 0.7208750009435986
0.0174 0.1150 0.2455 0.3779 0.9923 0.7208750009435986
0.0000 0.1140 0.2407 0.3548 0.9924 0.7208750009435986
0.0000 0.1136 0.2409 0.3545 0.9924 0.7208750009435986
0.0000 0.1137 0.2409 0.3546 0.9924 0.7208750009435986
0.0000 0.1138 0.2397 0.3536 0.9924 0.7208750009435986
0.0133 0.1138 0.2374 0.3645 0.9176 0.7198818698561319
0.0000 0.1122 0.2327 0.3449 0.9176 0.7198818698561319
0.0000 0.1115 0.2341 0.3455 0.9923 0.7198818698561319
0.0000 0.1111 0.2357 0.3468 0.9923 0.7198818698561319
0.0000 0.1110 0.2357 0.3467 0.9923 0.7198818698561319
0.0000 0.1108 0.2339 0.3447 0.9923 0.7198818698561319
0.0000 0.1107 0.2305 0.3412 0.9922 0.7198818698561319
0.0076 0.1106 0.2263 0.3446 0.9922 0.7198818698561319
0.0000 0.1101 0.2208 0.3308 0.9923 0.7198818698561319
0.0000 0.1100 0.2204 0.3304 0.9923 0.7198818698561319
0.0000 0.1104 0.2207 0.3311 0.9197 0.7325833346475737
0.0000 0.1105 0.2199 0.3304 0.9197 0.7325833346475737
0.0000 0.1101 0.2175 0.3276 0.9924 0.7325833346475737
0.0000 0.1095 0.2140 0.3235 0.9924 0.7325833346475737
0.0000 0.1090 0.2104 0.3194 0.9924 0.7325833346475737
0.0000 0.1087 0.2069 0.3156 0.9924 0.7325833346475737
0.0000 0.1085 0.2036 0.3121 0.9923 0.7325833346475737
0.0000 0.1084 0.2005 0.3089 0.9923 0.7325833346475737
0.0000 0.1082 0.1975 0.3057 0.9924 0.7325833346475737
0.0000 0.1080 0.1948 0.3028 0.9924 0.7325833346475737
0.0018 0.1077 0.1924 0.3019 0.9193 0.7296969019304053
0.0000 0.1077 0.1909 0.2986 0.9193 0.7296969019304053
0.0000 0.1088 0.1920 0.3008 0.9925 0.7296969019304053
0.0000 0.1100 0.1928 0.3028 0.9925 0.7296969019304053
0.0000 0.1098 0.1920 0.3018 0.9916 0.7296969019304053
0.0000 0.1082 0.1901 0.2983 0.9916 0.7296969019304053
0.0000 0.1063 0.1878 0.2942 0.9920 0.7296969019304053
0.0000 0.1050 0.1853 0.2903 0.9920 0.7296969019304053
0.0000 0.1043 0.1826 0.2869 0.9924 0.7296969019304053
0.0000 0.1040 0.1801 0.2841 0.9924 0.7296969019304053
0.0000 0.1037 0.1779 0.2816 0.9092 0.6766908606199926
0.0000 0.1033 0.1759 0.2792 0.9092 0.6766908606199926
0.0000 0.1026 0.1740 0.2766 0.9925 0.6766908606199926
0.0000 0.1017 0.1723 0.2741 0.9925 0.6766908606199926
0.0000 0.1010 0.1708 0.2718 0.9927 0.6766908606199926
0.0000 0.1003 0.1693 0.2696 0.9927 0.6766908606199926
0.0000 0.0997 0.1677 0.2673 0.9928 0.6766908606199926
0.0000 0.0991 0.1659 0.2650 0.9928 0.6766908606199926
0.0000 0.0985 0.1642 0.2627 0.9928 0.6766908606199926
0.0000 0.0979 0.1625 0.2603 0.9928 0.6766908606199926
0.0000 0.0972 0.1609 0.2581 0.9172 0.7099591753626736
0.0002 0.0966 0.1594 0.2562 0.9172 0.7099591753626736
0.0000 0.0969 0.1593 0.2562 0.9931 0.7099591753626736
0.0000 0.0982 0.1617 0.2599 0.9931 0.7099591753626736
0.0000 0.0986 0.1632 0.2617 0.9930 0.7099591753626736
0.0000 0.0965 0.1630 0.2595 0.9930 0.7099591753626736
0.0000 0.0938 0.1622 0.2560 0.9930 0.7099591753626736
0.0000 0.0917 0.1614 0.2531 0.9930 0.7099591753626736
0.0000 0.0904 0.1606 0.2509 0.9927 0.7099591753626736
0.0000 0.0893 0.1597 0.2490 0.9927 0.7099591753626736
0.0000 0.0883 0.1587 0.2469 0.9126 0.6787211873786227
0.0000 0.0869 0.1576 0.2446 0.9126 0.6787211873786227
0.0000 0.0854 0.1567 0.2421 0.9931 0.6787211873786227
0.0050 0.0839 0.1559 0.2448 0.9931 0.6787211873786227
0.0000 0.0850 0.1557 0.2407 0.9933 0.6787211873786227
0.0000 0.0887 0.1589 0.2476 0.9933 0.6787211873786227
0.0000 0.0902 0.1605 0.2508 0.9926 0.6787211873786227
0.0000 0.0864 0.1596 0.2460 0.9926 0.6787211873786227
0.0000 0.0823 0.1585 0.2408 0.9926 0.6787211873786227
0.0000 0.0798 0.1579 0.2377 0.9926 0.6787211873786227
0.0088 0.0781 0.1572 0.2441 0.9173 0.7177297876649913
0.0000 0.0763 0.1551 0.2314 0.9173 0.7177297876649913
0.0000 0.0755 0.1564 0.2319 0.9933 0.7177297876649913
0.0000 0.0748 0.1580 0.2328 0.9933 0.7177297876649913
0.0000 0.0732 0.1582 0.2314 0.9933 0.7177297876649913
0.0000 0.0705 0.1578 0.2283 0.9933 0.7177297876649913
0.0000 0.0682 0.1574 0.2255 0.9932 0.7177297876649913
0.0000 0.0665 0.1567 0.2232 0.9932 0.7177297876649913
0.0000 0.0652 0.1557 0.2209 0.9928 0.7177297876649913
0.0000 0.0641 0.1543 0.2184 0.9928 0.7177297876649913
0.0074 0.0630 0.1527 0.2231 0.9205 0.7331118645219379
0.0000 0.0640 0.1512 0.2152 0.9205 0.7331118645219379
0.0000 0.0681 0.1534 0.2216 0.9932 0.7331118645219379
0.0000 0.0714 0.1550 0.2264 0.9932 0.7331118645219379
0.0000 0.0689 0.1545 0.2234 0.9925 0.7331118645219379
0.0000 0.0640 0.1540 0.2180 0.9925 0.7331118645219379
0.0000 0.0601 0.1541 0.2142 0.9927 0.7331118645219379
0.0000 0.0581 0.1539 0.2120 0.9927 0.7331118645219379
0.0000 0.0568 0.1535 0.2103 0.9919 0.7331118645219379
0.0094 0.0558 0.1529 0.2181 0.9919 0.7331118645219379
0.0000 0.0543 0.1505 0.2048 0.9210 0.7398403215132794
0.0000 0.0548 0.1506 0.2054 0.9210 0.7398403215132794
0.0000 0.0564 0.1508 0.2072 0.9934 0.7398403215132794
0.0000 0.0561 0.1495 0.2056 0.9934 0.7398403215132794
0.0000 0.0538 0.1477 0.2015 0.9936 0.7398403215132794
0.0000 0.0520 0.1461 0.1981 0.9936 0.7398403215132794
0.0000 0.0513 0.1448 0.1961 0.9933 0.7398403215132794
0.0000 0.0512 0.1434 0.1947 0.9933 0.7398403215132794
0.0000 0.0510 0.1418 0.1928 0.9931 0.7398403215132794
0.0000 0.0501 0.1402 0.1903 0.9931 0.7398403215132794
0.0000 0.0490 0.1388 0.1878 0.9190 0.7156786936697151
0.0028 0.0479 0.1379 0.1886 0.9190 0.7156786936697151
0.0000 0.0491 0.1396 0.1887 0.9939 0.7156786936697151
0.0000 0.0526 0.1445 0.1970 0.9939 0.7156786936697151
0.0000 0.0538 0.1460 0.1998 0.9937 0.7156786936697151
0.0000 0.0508 0.1451 0.1959 0.9937 0.7156786936697151
0.0000 0.0477 0.1445 0.1922 0.9930 0.7156786936697151
0.0000 0.0463 0.1438 0.1901 0.9930 0.7156786936697151
0.0000 0.0458 0.1428 0.1886 0.9923 0.7156786936697151
0.0000 0.0455 0.1416 0.1871 0.9923 0.7156786936697151
0.0000 0.0452 0.1403 0.1855 0.9038 0.6696214797245112
0.0000 0.0446 0.1392 0.1838 0.9038 0.6696214797245112
0.0000 0.0438 0.1382 0.1820 0.9931 0.6696214797245112
0.0000 0.0430 0.1375 0.1805 0.9931 0.6696214797245112
0.0030 0.0423 0.1368 0.1822 0.9933 0.6696214797245112
0.0000 0.0423 0.1370 0.1793 0.9933 0.6696214797245112
0.0000 0.0435 0.1394 0.1829 0.9938 0.6696214797245112
0.0000 0.0447 0.1398 0.1845 0.9938 0.6696214797245112
0.0000 0.0441 0.1377 0.1817 0.9938 0.6696214797245112
0.0000 0.0428 0.1351 0.1779 0.9938 0.6696214797245112
0.0000 0.0425 0.1330 0.1755 0.9132 0.6971583445482571
0.0000 0.0426 0.1310 0.1736 0.9132 0.6971583445482571
0.0000 0.0426 0.1294 0.1720 0.9935 0.6971583445482571
0.0000 0.0423 0.1280 0.1703 0.9935 0.6971583445482571
0.0000 0.0416 0.1269 0.1685 0.9937 0.6971583445482571
0.0000 0.0406 0.1264 0.1670 0.9937 0.6971583445482571
0.0000 0.0398 0.1259 0.1656 0.9939 0.6971583445482571
0.0000 0.0393 0.1251 0.1644 0.9939 0.6971583445482571
0.0000 0.0391 0.1240 0.1631 0.9939 0.6971583445482571
0.0000 0.0392 0.1224 0.1616 0.9939 0.6971583445482571
0.0000 0.0395 0.1207 0.1602 0.9154 0.7035848931741168
0.0000 0.0399 0.1190 0.1589 0.9154 0.7035848931741168
0.0000 0.0401 0.1174 0.1575 0.9937 0.7035848931741168
0.0000 0.0401 0.1161 0.1562 0.9937 0.7035848931741168
0.0000 0.0399 0.1151 0.1549 0.9937 0.7035848931741168
0.0000 0.0396 0.1142 0.1538 0.9937 0.7035848931741168
0.0000 0.0394 0.1133 0.1527 0.9939 0.7035848931741168
0.0000 0.0392 0.1124 0.1516 0.9939 0.7035848931741168
0.0000 0.0390 0.1115 0.1505 0.9940 0.7035848931741168
0.0000 0.0390 0.1105 0.1494 0.9940 0.7035848931741168
0.0000 0.0389 0.1095 0.1484 0.9153 0.6989106853392308
0.0000 0.0388 0.1086 0.1474 0.9153 0.6989106853392308
0.0000 0.0388 0.1077 0.1465 0.9941 0.6989106853392308
0.0000 0.0388 0.1068 0.1455 0.9941 0.6989106853392308
0.0000 0.0387 0.1059 0.1447 0.9942 0.6989106853392308
0.0000 0.0386 0.1051 0.1438 0.9942 0.6989106853392308
0.0000 0.0385 0.1044 0.1429 0.9942 0.6989106853392308
0.0000 0.0383 0.1037 0.1420 0.9942 0.6989106853392308
0.0000 0.0381 0.1030 0.1411 0.9943 0.6989106853392308
0.0000 0.0379 0.1024 0.1403 0.9943 0.6989106853392308
0.0000 0.0378 0.1017 0.1395 0.9171 0.6981364386931501
0.0000 0.0376 0.1010 0.1387 0.9171 0.6981364386931501
0.0001 0.0375 0.1004 0.1380 0.9944 0.6981364386931501
0.0000 0.0397 0.1051 0.1448 0.9944 0.6981364386931501
0.0000 0.0451 0.1138 0.1589 0.9945 0.6981364386931501
0.0000 0.0434 0.1144 0.1579 0.9945 0.6981364386931501
0.0000 0.0390 0.1139 0.1529 0.9940 0.6981364386931501
0.0000 0.0366 0.1141 0.1507 0.9940 0.6981364386931501
0.0000 0.0356 0.1141 0.1496 0.9932 0.6981364386931501
0.0076 0.0354 0.1138 0.1568 0.9932 0.6981364386931501
0.0000 0.0346 0.1138 0.1484 0.9212 0.7326922293369867
0.0000 0.0350 0.1162 0.1513 0.9212 0.7326922293369867
0.0000 0.0361 0.1173 0.1534 0.9943 0.7326922293369867
0.0041 0.0353 0.1161 0.1555 0.9943 0.7326922293369867
0.0000 0.0348 0.1176 0.1524 0.9944 0.7326922293369867
0.0017 0.0369 0.1289 0.1675 0.9944 0.7326922293369867
0.0000 0.0370 0.1260 0.1629 0.9943 0.7326922293369867
0.0106 0.0422 0.1343 0.1871 0.9943 0.7326922293369867
0.0000 0.0356 0.1314 0.1669 0.9936 0.7326922293369867
0.0000 0.0363 0.1427 0.1790 0.9936 0.7326922293369867
0.0304 0.0358 0.1493 0.2155 0.9135 0.7223611836316033
0.0000 0.0345 0.1410 0.1754 0.9135 0.7223611836316033
0.0000 0.0345 0.1463 0.1808 0.9933 0.7223611836316033
0.0133 0.0351 0.1522 0.2005 0.9933 0.7223611836316033
0.0000 0.0354 0.1505 0.1858 0.9928 0.7223611836316033
0.0000 0.0353 0.1577 0.1930 0.9928 0.7223611836316033
0.0168 0.0347 0.1634 0.2149 0.9930 0.7223611836316033
0.0000 0.0355 0.1572 0.1927 0.9930 0.7223611836316033
0.0000 0.0351 0.1581 0.1932 0.9929 0.7223611836316033
0.0000 0.0345 0.1598 0.1943 0.9929 0.7223611836316033
0.0127 0.0343 0.1591 0.2061 0.9084 0.7015690670364181
0.0000 0.0352 0.1539 0.1891 0.9084 0.7015690670364181
0.0000 0.0353 0.1580 0.1934 0.9930 0.7015690670364181
0.0000 0.0357 0.1608 0.1965 0.9930 0.7015690670364181
0.0083 0.0358 0.1590 0.2030 0.9933 0.7015690670364181
0.0000 0.0359 0.1515 0.1874 0.9933 0.7015690670364181
0.0000 0.0356 0.1540 0.1895 0.9927 0.7015690670364181
0.0000 0.0353 0.1538 0.1890 0.9927 0.7015690670364181
0.0000 0.0350 0.1499 0.1849 0.9929 0.7015690670364181
0.0007 0.0349 0.1457 0.1814 0.9929 0.7015690670364181
0.0000 0.0360 0.1416 0.1775 0.9040 0.6917122869024033
0.0000 0.0360 0.1431 0.1791 0.9040 0.6917122869024033
0.0000 0.0364 0.1437 0.1801 0.9926 0.6917122869024033
0.0000 0.0366 0.1422 0.1789 0.9926 0.6917122869024033
0.0000 0.0364 0.1387 0.1752 0.9926 0.6917122869024033
0.0000 0.0361 0.1341 0.1703 0.9926 0.6917122869024033
0.0000 0.0362 0.1297 0.1659 0.9925 0.6917122869024033
0.0000 0.0364 0.1258 0.1622 0.9925 0.6917122869024033
0.0000 0.0368 0.1221 0.1588 0.9924 0.6917122869024033
0.0033 0.0371 0.1188 0.1591 0.9924 0.6917122869024033
0.0000 0.0383 0.1163 0.1546 0.8989 0.6756782624055996
0.0000 0.0387 0.1168 0.1555 0.8989 0.6756782624055996
0.0000 0.0406 0.1167 0.1573 0.9926 0.6756782624055996
0.0000 0.0418 0.1148 0.1566 0.9926 0.6756782624055996
0.0000 0.0418 0.1118 0.1536 0.9924 0.6756782624055996
0.0000 0.0411 0.1086 0.1497 0.9924 0.6756782624055996
0.0000 0.0406 0.1054 0.1461 0.9917 0.6756782624055996
0.0000 0.0409 0.1026 0.1435 0.9917 0.6756782624055996
0.0000 0.0416 0.0999 0.1414 0.9911 0.6756782624055996
0.0000 0.0421 0.0974 0.1395 0.9911 0.6756782624055996
0.0000 0.0423 0.0953 0.1376 0.8749 0.6108045957395812
0.0000 0.0424 0.0933 0.1357 0.8749 0.6108045957395812
0.0000 0.0424 0.0917 0.1341 0.9917 0.6108045957395812
0.0000 0.0424 0.0902 0.1325 0.9917 0.6108045957395812
0.0000 0.0424 0.0887 0.1310 0.9921 0.6108045957395812
0.0000 0.0423 0.0871 0.1295 0.9921 0.6108045957395812
0.0000 0.0423 0.0857 0.1280 0.9922 0.6108045957395812
0.0000 0.0424 0.0843 0.1267 0.9922 0.6108045957395812
0.0000 0.0425 0.0830 0.1255 0.9922 0.6108045957395812
0.0000 0.0426 0.0817 0.1243 0.9922 0.6108045957395812
0.0000 0.0427 0.0804 0.1231 0.8836 0.6417640324105578
0.0000 0.0428 0.0793 0.1220 0.8836 0.6417640324105578
0.0000 0.0427 0.0782 0.1209 0.9920 0.6417640324105578
0.0000 0.0426 0.0772 0.1198 0.9920 0.6417640324105578
0.0000 0.0425 0.0762 0.1187 0.9921 0.6417640324105578
0.0000 0.0423 0.0754 0.1177 0.9921 0.6417640324105578
0.0000 0.0421 0.0746 0.1167 0.9923 0.6417640324105578
0.0000 0.0418 0.0739 0.1157 0.9923 0.6417640324105578
0.0000 0.0416 0.0732 0.1148 0.9925 0.6417640324105578
0.0002 0.0413 0.0726 0.1141 0.9925 0.6417640324105578
0.0000 0.0425 0.0734 0.1159 0.8776 0.6123243686219394
0.0000 0.0429 0.0772 0.1201 0.8776 0.6123243686219394
0.0000 0.0433 0.0795 0.1228 0.9932 0.6123243686219394
0.0000 0.0426 0.0787 0.1213 0.9932 0.6123243686219394
0.0000 0.0413 0.0772 0.1185 0.9923 0.6123243686219394
0.0000 0.0403 0.0761 0.1164 0.9923 0.6123243686219394
0.0000 0.0396 0.0753 0.1150 0.9913 0.6123243686219394
0.0000 0.0392 0.0748 0.1140 0.9913 0.6123243686219394
0.0000 0.0389 0.0742 0.1131 0.9910 0.6123243686219394
0.0000 0.0388 0.0735 0.1122 0.9910 0.6123243686219394
0.0000 0.0387 0.0727 0.1114 0.8725 0.6185738311175387
0.0000 0.0387 0.0718 0.1105 0.8725 0.6185738311175387
0.0000 0.0387 0.0709 0.1097 0.9917 0.6185738311175387
0.0000 0.0388 0.0701 0.1088 0.9917 0.6185738311175387
0.0000 0.0387 0.0693 0.1080 0.9922 0.6185738311175387
0.0000 0.0387 0.0685 0.1072 0.9922 0.6185738311175387
0.0000 0.0386 0.0678 0.1063 0.9926 0.6185738311175387
0.0000 0.0385 0.0671 0.1056 0.9926 0.6185738311175387
0.0000 0.0385 0.0664 0.1049 0.9927 0.6185738311175387
0.0000 0.0385 0.0657 0.1042 0.9927 0.6185738311175387
0.0000 0.0385 0.0650 0.1035 0.8896 0.6521599691845282
0.0000 0.0385 0.0643 0.1028 0.8896 0.6521599691845282
0.0000 0.0385 0.0636 0.1021 0.9926 0.6521599691845282
0.0000 0.0385 0.0629 0.1014 0.9926 0.6521599691845282
0.0000 0.0385 0.0622 0.1008 0.9927 0.6521599691845282
0.0000 0.0385 0.0616 0.1001 0.9927 0.6521599691845282
0.0000 0.0385 0.0610 0.0995 0.9930 0.6521599691845282
0.0000 0.0384 0.0604 0.0989 0.9930 0.6521599691845282
0.0000 0.0384 0.0599 0.0983 0.9932 0.6521599691845282
0.0000 0.0383 0.0594 0.0977 0.9932 0.6521599691845282
0.0000 0.0382 0.0589 0.0971 0.8951 0.6594659154944661
0.0000 0.0381 0.0584 0.0965 0.8951 0.6594659154944661
0.0000 0.0380 0.0580 0.0960 0.9934 0.6594659154944661
0.0000 0.0378 0.0576 0.0954 0.9934 0.6594659154944661
0.0000 0.0376 0.0573 0.0949 0.9935 0.6594659154944661
0.0000 0.0374 0.0569 0.0944 0.9935 0.6594659154944661
0.0000 0.0372 0.0566 0.0939 0.9937 0.6594659154944661
0.0000 0.0370 0.0563 0.0933 0.9937 0.6594659154944661
0.0015 0.0368 0.0560 0.0943 0.9938 0.6594659154944661
0.0000 0.0382 0.0588 0.0970 0.9938 0.6594659154944661
0.0000 0.0393 0.0659 0.1053 0.9004 0.6765485753068663
0.0099 0.0409 0.0679 0.1188 0.9004 0.6765485753068663
0.0000 0.0381 0.0619 0.1000 0.9916 0.6765485753068663
0.0000 0.0396 0.0730 0.1125 0.9916 0.6765485753068663
0.0216 0.0389 0.0764 0.1370 0.9915 0.6765485753068663
0.0000 0.0352 0.0689 0.1041 0.9915 0.6765485753068663
0.0020 0.0346 0.0776 0.1142 0.9929 0.6765485753068663
0.0000 0.0342 0.0730 0.1072 0.9929 0.6765485753068663
0.0293 0.0342 0.0784 0.1420 0.9925 0.6765485753068663
0.0000 0.0342 0.0794 0.1135 0.9925 0.6765485753068663
0.0165 0.0344 0.0873 0.1382 0.9116 0.7215845216172544
0.0000 0.0343 0.0855 0.1198 0.9116 0.7215845216172544
0.0387 0.0353 0.0921 0.1661 0.9924 0.7215845216172544
0.0000 0.0355 0.0867 0.1222 0.9924 0.7215845216172544
0.0000 0.0355 0.0899 0.1255 0.9920 0.7215845216172544
0.0303 0.0354 0.0949 0.1607 0.9920 0.7215845216172544
0.0000 0.0356 0.0873 0.1229 0.9918 0.7215845216172544
0.0000 0.0353 0.0883 0.1236 0.9918 0.7215845216172544
0.0155 0.0349 0.0920 0.1424 0.9920 0.7215845216172544
0.0000 0.0353 0.0856 0.1209 0.9920 0.7215845216172544
0.0000 0.0353 0.0834 0.1187 0.9143 0.7406407519523699
0.0273 0.0358 0.0826 0.1457 0.9143 0.7406407519523699
0.0000 0.0362 0.0786 0.1148 0.9917 0.7406407519523699
0.0000 0.0364 0.0777 0.1141 0.9917 0.7406407519523699
0.0158 0.0369 0.0772 0.1300 0.9923 0.7406407519523699
0.0000 0.0378 0.0723 0.1101 0.9923 0.7406407519523699
0.0000 0.0387 0.0711 0.1098 0.9920 0.7406407519523699
0.0257 0.0402 0.0706 0.1365 0.9920 0.7406407519523699
0.0000 0.0412 0.0646 0.1058 0.9913 0.7406407519523699
0.0000 0.0425 0.0633 0.1058 0.9913 0.7406407519523699
0.0000 0.0439 0.0627 0.1066 0.9038 0.7016707756968218
0.0157 0.0453 0.0619 0.1229 0.9038 0.7016707756968218
0.0000 0.0466 0.0574 0.1040 0.9908 0.7016707756968218
0.0000 0.0475 0.0569 0.1044 0.9908 0.7016707756968218
0.0000 0.0483 0.0576 0.1059 0.9914 0.7016707756968218
0.0154 0.0485 0.0587 0.1225 0.9914 0.7016707756968218
0.0000 0.0471 0.0562 0.1033 0.9914 0.7016707756968218
0.0044 0.0462 0.0578 0.1084 0.9914 0.7016707756968218
0.0000 0.0452 0.0570 0.1022 0.9911 0.7016707756968218
0.0000 0.0445 0.0592 0.1037 0.9911 0.7016707756968218
0.0263 0.0436 0.0619 0.1318 0.8929 0.6645817722451126
0.0000 0.0420 0.0593 0.1013 0.8929 0.6645817722451126
0.0030 0.0408 0.0608 0.1046 0.9910 0.6645817722451126
0.0000 0.0407 0.0604 0.1011 0.9910 0.6645817722451126
0.0043 0.0407 0.0608 0.1058 0.9913 0.6645817722451126
0.0000 0.0416 0.0580 0.0996 0.9913 0.6645817722451126
0.0000 0.0422 0.0569 0.0991 0.9908 0.6645817722451126
0.0000 0.0429 0.0563 0.0992 0.9908 0.6645817722451126
0.0077 0.0436 0.0557 0.1070 0.9910 0.6645817722451126
0.0000 0.0448 0.0537 0.0985 0.9910 0.6645817722451126
0.0000 0.0459 0.0537 0.0996 0.8965 0.6699223022246165
0.0105 0.0463 0.0539 0.1108 0.8965 0.6699223022246165
0.0000 0.0460 0.0519 0.0978 0.9914 0.6699223022246165
0.0020 0.0457 0.0527 0.1004 0.9914 0.6699223022246165
0.0000 0.0437 0.0522 0.0959 0.9909 0.6699223022246165
0.0000 0.0424 0.0533 0.0957 0.9909 0.6699223022246165
0.0068 0.0413 0.0548 0.1030 0.9912 0.6699223022246165
0.0000 0.0416 0.0541 0.0957 0.9912 0.6699223022246165
0.0000 0.0414 0.0543 0.0958 0.9911 0.6699223022246165
0.0234 0.0416 0.0554 0.1205 0.9911 0.6699223022246165
0.0000 0.0420 0.0531 0.0951 0.8624 0.568774590289959
0.0013 0.0421 0.0531 0.0965 0.8624 0.568774590289959
0.0098 0.0427 0.0520 0.1044 0.9909 0.568774590289959
0.0000 0.0439 0.0499 0.0939 0.9909 0.568774590289959
0.0000 0.0448 0.0501 0.0949 0.9910 0.568774590289959
0.0130 0.0453 0.0517 0.1101 0.9910 0.568774590289959
0.0000 0.0443 0.0516 0.0959 0.9900 0.568774590289959
0.0000 0.0430 0.0529 0.0959 0.9900 0.568774590289959
0.0144 0.0418 0.0541 0.1104 0.9903 0.568774590289959
0.0000 0.0419 0.0528 0.0947 0.9903 0.568774590289959
0.0118 0.0417 0.0526 0.1062 0.8769 0.6150833927036615
0.0000 0.0426 0.0509 0.0935 0.8769 0.6150833927036615
0.0201 0.0438 0.0507 0.1146 0.9906 0.6150833927036615
0.0000 0.0448 0.0494 0.0942 0.9906 0.6150833927036615
0.0000 0.0457 0.0497 0.0954 0.9899 0.6150833927036615
0.0024 0.0457 0.0505 0.0986 0.9899 0.6150833927036615
0.0000 0.0455 0.0482 0.0937 0.9887 0.6150833927036615
0.0000 0.0447 0.0478 0.0925 0.9887 0.6150833927036615
0.0000 0.0439 0.0481 0.0920 0.9886 0.6150833927036615
0.0000 0.0434 0.0484 0.0918 0.9886 0.6150833927036615
0.0023 0.0432 0.0483 0.0939 0.8771 0.6090763742444663
0.0127 0.0443 0.0464 0.1035 0.8771 0.6090763742444663
0.0000 0.0460 0.0442 0.0902 0.9904 0.6090763742444663
0.0000 0.0469 0.0450 0.0919 0.9904 0.6090763742444663
0.0121 0.0461 0.0469 0.1050 0.9918 0.6090763742444663
0.0000 0.0444 0.0467 0.0912 0.9918 0.6090763742444663
0.0000 0.0430 0.0490 0.0920 0.9896 0.6090763742444663
0.0206 0.0416 0.0508 0.1129 0.9896 0.6090763742444663
0.0000 0.0409 0.0511 0.0920 0.9892 0.6090763742444663
0.0000 0.0404 0.0508 0.0912 0.9892 0.6090763742444663
0.0000 0.0403 0.0498 0.0901 0.8809 0.6272493201302919
0.0023 0.0410 0.0483 0.0916 0.8809 0.6272493201302919
0.0000 0.0434 0.0443 0.0877 0.9884 0.6272493201302919
0.0000 0.0452 0.0422 0.0874 0.9884 0.6272493201302919
0.0032 0.0465 0.0422 0.0919 0.9893 0.6272493201302919
0.0000 0.0481 0.0413 0.0894 0.9893 0.6272493201302919
0.0000 0.0466 0.0433 0.0899 0.9896 0.6272493201302919
0.0097 0.0435 0.0464 0.0996 0.9896 0.6272493201302919
0.0000 0.0406 0.0472 0.0878 0.9889 0.6272493201302919
0.0003 0.0392 0.0496 0.0891 0.9889 0.6272493201302919
0.0000 0.0395 0.0496 0.0891 0.8492 0.5428182831014124
0.0046 0.0397 0.0493 0.0937 0.8492 0.5428182831014124
0.0000 0.0418 0.0463 0.0881 0.9879 0.5428182831014124
0.0000 0.0447 0.0439 0.0887 0.9879 0.5428182831014124
0.0000 0.0482 0.0422 0.0905 0.9882 0.5428182831014124
0.0000 0.0495 0.0417 0.0912 0.9882 0.5428182831014124
0.0000 0.0472 0.0426 0.0898 0.9884 0.5428182831014124
0.0000 0.0438 0.0443 0.0881 0.9884 0.5428182831014124
0.0000 0.0415 0.0457 0.0872 0.9885 0.5428182831014124
0.0000 0.0405 0.0463 0.0868 0.9885 0.5428182831014124
0.0000 0.0403 0.0457 0.0860 0.8663 0.5617210439010061
0.0000 0.0407 0.0440 0.0847 0.8663 0.5617210439010061
0.0125 0.0420 0.0418 0.0963 0.9901 0.5617210439010061
0.0000 0.0455 0.0389 0.0844 0.9901 0.5617210439010061
0.0000 0.0474 0.0381 0.0856 0.9888 0.5617210439010061
0.0000 0.0471 0.0399 0.0870 0.9888 0.5617210439010061
0.0036 0.0446 0.0429 0.0911 0.9892 0.5617210439010061
0.0000 0.0414 0.0446 0.0860 0.9892 0.5617210439010061
0.0021 0.0399 0.0475 0.0896 0.9894 0.5617210439010061
0.0000 0.0387 0.0488 0.0876 0.9894 0.5617210439010061
