1.1446 0.6842 6.7180 8.5468 0.2006 0.026525299723718327
1.2278 0.6698 5.1687 7.0663 0.2006 0.026525299723718327
1.2976 0.6599 4.0979 6.0554 0.9711 0.026525299723718327
1.3287 0.6537 3.3692 5.3516 0.9711 0.026525299723718327
1.3265 0.6504 2.8427 4.8196 0.8721 0.026525299723718327
1.3016 0.6497 2.4462 4.3975 0.8721 0.026525299723718327
1.2561 0.6513 2.1407 4.0481 0.7618 0.026525299723718327
1.1864 0.6547 1.9107 3.7517 0.7618 0.026525299723718327
1.0926 0.6590 1.7471 3.4988 0.6825 0.026525299723718327
0.9868 0.6634 1.6384 3.2885 0.6825 0.026525299723718327
0.8824 0.6667 1.5637 3.1128 0.1677 0.02557843980360241
0.7875 0.6685 1.4942 2.9502 0.1677 0.02557843980360241
0.7070 0.6682 1.4252 2.8004 0.9307 0.02557843980360241
0.6435 0.6657 1.3532 2.6624 0.9307 0.02557843980360241
0.5957 0.6612 1.2810 2.5379 0.9751 0.02557843980360241
0.5599 0.6548 1.2208 2.4355 0.9751 0.02557843980360241
0.5320 0.6465 1.1733 2.3518 0.9829 0.02557843980360241
0.5092 0.6362 1.1318 2.2772 0.9829 0.02557843980360241
0.4834 0.6238 1.0956 2.2029 0.9869 0.02557843980360241
0.4603 0.6094 1.0648 2.1345 0.9869 0.02557843980360241
0.4417 0.5928 1.0364 2.0709 0.5624 0.04802578352395012
0.4199 0.5742 1.0079 2.0020 0.5624 0.04802578352395012
0.3965 0.5539 0.9808 1.9312 0.9895 0.04802578352395012
0.3750 0.5320 0.9557 1.8627 0.9895 0.04802578352395012
0.3505 0.5087 0.9317 1.7909 0.9901 0.04802578352395012
0.3282 0.4843 0.9082 1.7207 0.9901 0.04802578352395012
0.3077 0.4591 0.8829 1.6497 0.9901 0.04802578352395012
0.2874 0.4335 0.8571 1.5780 0.9901 0.04802578352395012
0.2719 0.4076 0.8326 1.5121 0.9903 0.04802578352395012
0.2552 0.3822 0.8110 1.4484 0.9903 0.04802578352395012
0.2373 0.3577 0.7927 1.3876 0.6583 0.06587355975321652
0.2207 0.3344 0.7757 1.3308 0.6583 0.06587355975321652
0.2041 0.3123 0.7589 1.2753 0.9914 0.06587355975321652
0.1912 0.2918 0.7419 1.2250 0.9914 0.06587355975321652
0.1811 0.2730 0.7260 1.1801 0.9917 0.06587355975321652
0.1709 0.2559 0.7115 1.1383 0.9917 0.06587355975321652
0.1610 0.2404 0.6974 1.0987 0.9919 0.06587355975321652
0.1507 0.2267 0.6832 1.0606 0.9919 0.06587355975321652
0.1405 0.2149 0.6691 1.0246 0.9923 0.06587355975321652
0.1301 0.2051 0.6554 0.9906 0.9923 0.06587355975321652
0.1183 0.1968 0.6416 0.9566 0.7807 0.14882280708208645
0.1067 0.1899 0.6277 0.9243 0.7807 0.14882280708208645
0.0959 0.1844 0.6136 0.8940 0.9939 0.14882280708208645
0.0844 0.1801 0.5991 0.8635 0.9939 0.14882280708208645
0.0701 0.1767 0.5852 0.8320 0.9945 0.14882280708208645
0.0515 0.1747 0.5722 0.7985 0.9945 0.14882280708208645
0.0287 0.1744 0.5604 0.7635 0.9952 0.14882280708208645
0.0000 0.1743 0.5492 0.7234 0.9952 0.14882280708208645
0.0000 0.1709 0.5305 0.7013 0.9953 0.14882280708208645
0.0395 0.1649 0.5111 0.7155 0.9953 0.14882280708208645
0.0000 0.1694 0.5055 0.6750 0.8961 0.5591354076853957
0.0392 0.1716 0.5013 0.7121 0.8961 0.5591354076853957
0.0000 0.1655 0.5007 0.6662 0.9934 0.5591354076853957
0.0000 0.1582 0.5012 0.6595 0.9934 0.5591354076853957
0.0631 0.1489 0.4970 0.7090 0.9942 0.5591354076853957
0.0292 0.1417 0.4864 0.6573 0.9942 0.5591354076853957
0.0000 0.1408 0.4782 0.6190 0.9947 0.5591354076853957
0.0319 0.1395 0.4712 0.6427 0.9947 0.5591354076853957
0.0000 0.1381 0.4603 0.5984 0.9952 0.5591354076853957
0.0168 0.1361 0.4505 0.6034 0.9952 0.5591354076853957
0.0000 0.1338 0.4391 0.5729 0.8918 0.5475584049521636
0.0077 0.1315 0.4301 0.5693 0.8918 0.5475584049521636
0.0000 0.1303 0.4216 0.5519 0.9952 0.5475584049521636
0.0000 0.1291 0.4151 0.5442 0.9952 0.5475584049521636
0.0429 0.1274 0.4091 0.5793 0.9953 0.5475584049521636
0.0000 0.1249 0.4024 0.5273 0.9953 0.5475584049521636
0.0000 0.1231 0.3997 0.5228 0.9952 0.5475584049521636
0.0167 0.1214 0.3965 0.5346 0.9952 0.5475584049521636
0.0000 0.1211 0.3886 0.5097 0.9953 0.5475584049521636
0.0000 0.1211 0.3840 0.5050 0.9953 0.5475584049521636
0.0001 0.1211 0.3790 0.5002 0.8982 0.5911484531100472
0.0000 0.1205 0.3718 0.4922 0.8982 0.5911484531100472
0.0000 0.1202 0.3673 0.4876 0.9954 0.5911484531100472
0.0000 0.1196 0.3632 0.4828 0.9954 0.5911484531100472
0.0051 0.1186 0.3584 0.4820 0.9954 0.5911484531100472
0.0000 0.1179 0.3514 0.4693 0.9954 0.5911484531100472
0.0000 0.1176 0.3494 0.4670 0.9954 0.5911484531100472
0.0000 0.1172 0.3476 0.4648 0.9954 0.5911484531100472
0.0337 0.1166 0.3443 0.4946 0.9954 0.5911484531100472
0.0000 0.1153 0.3382 0.4535 0.9954 0.5911484531100472
0.0000 0.1148 0.3397 0.4544 0.9066 0.6551176952717379
0.0000 0.1143 0.3410 0.4553 0.9066 0.6551176952717379
0.0255 0.1136 0.3397 0.4789 0.9956 0.6551176952717379
0.0000 0.1128 0.3321 0.4449 0.9956 0.6551176952717379
0.0000 0.1124 0.3282 0.4406 0.9956 0.6551176952717379
0.0000 0.1121 0.3251 0.4371 0.9956 0.6551176952717379
0.0000 0.1117 0.3214 0.4331 0.9956 0.6551176952717379
0.0137 0.1115 0.3171 0.4423 0.9956 0.6551176952717379
0.0000 0.1119 0.3111 0.4231 0.9956 0.6551176952717379
0.0000 0.1132 0.3098 0.4230 0.9956 0.6551176952717379
0.0000 0.1143 0.3084 0.4227 0.9159 0.7086403646209208
0.0144 0.1143 0.3051 0.4338 0.9159 0.7086403646209208
0.0000 0.1118 0.2986 0.4104 0.9957 0.7086403646209208
0.0000 0.1108 0.2986 0.4094 0.9957 0.7086403646209208
0.0000 0.1101 0.2991 0.4092 0.9957 0.7086403646209208
0.0398 0.1095 0.2981 0.4475 0.9957 0.7086403646209208
0.0000 0.1095 0.2931 0.4026 0.9957 0.7086403646209208
0.0000 0.1105 0.2936 0.4041 0.9957 0.7086403646209208
0.0000 0.1114 0.2938 0.4052 0.9955 0.7086403646209208
0.0075 0.1111 0.2920 0.4106 0.9955 0.7086403646209208
0.0000 0.1086 0.2862 0.3947 0.9101 0.6606338283266466
0.0000 0.1077 0.2843 0.3919 0.9101 0.6606338283266466
0.0000 0.1071 0.2827 0.3899 0.9957 0.6606338283266466
0.0053 0.1068 0.2804 0.3924 0.9957 0.6606338283266466
0.0000 0.1062 0.2744 0.3806 0.9958 0.6606338283266466
0.0000 0.1062 0.2732 0.3793 0.9958 0.6606338283266466
0.0000 0.1063 0.2719 0.3782 0.9958 0.6606338283266466
0.0000 0.1063 0.2697 0.3760 0.9958 0.6606338283266466
0.0000 0.1061 0.2663 0.3724 0.9958 0.6606338283266466
0.0024 0.1060 0.2620 0.3704 0.9958 0.6606338283266466
0.0000 0.1060 0.2571 0.3631 0.9167 0.7110609087471922
0.0000 0.1068 0.2564 0.3631 0.9167 0.7110609087471922
0.0000 0.1076 0.2559 0.3635 0.9958 0.7110609087471922
0.0000 0.1076 0.2540 0.3616 0.9958 0.7110609087471922
0.0000 0.1068 0.2501 0.3569 0.9958 0.7110609087471922
0.0000 0.1059 0.2461 0.3520 0.9958 0.7110609087471922
0.0000 0.1053 0.2422 0.3475 0.9958 0.7110609087471922
0.0000 0.1051 0.2381 0.3432 0.9958 0.7110609087471922
0.0000 0.1051 0.2345 0.3397 0.9958 0.7110609087471922
0.0029 0.1052 0.2310 0.3391 0.9958 0.7110609087471922
0.0000 0.1040 0.2319 0.3359 0.9192 0.7298693538168639
0.0000 0.1056 0.2361 0.3416 0.9192 0.7298693538168639
0.0000 0.1075 0.2383 0.3458 0.9952 0.7298693538168639
0.0000 0.1071 0.2371 0.3441 0.9952 0.7298693538168639
0.0000 0.1050 0.2339 0.3389 0.9953 0.7298693538168639
0.0000 0.1028 0.2301 0.3329 0.9953 0.7298693538168639
0.0000 0.1014 0.2259 0.3273 0.9957 0.7298693538168639
0.0000 0.1009 0.2217 0.3226 0.9957 0.7298693538168639
0.0000 0.1011 0.2173 0.3185 0.9957 0.7298693538168639
0.0000 0.1017 0.2134 0.3150 0.9957 0.7298693538168639
0.0000 0.1022 0.2099 0.3120 0.9029 0.6127477828044767
0.0000 0.1024 0.2069 0.3093 0.9029 0.6127477828044767
0.0000 0.1024 0.2036 0.3059 0.9959 0.6127477828044767
0.0000 0.1023 0.2007 0.3029 0.9959 0.6127477828044767
0.0000 0.1021 0.1981 0.3002 0.9958 0.6127477828044767
0.0000 0.1021 0.1956 0.2976 0.9958 0.6127477828044767
0.0000 0.1020 0.1931 0.2951 0.9957 0.6127477828044767
0.0000 0.1019 0.1906 0.2925 0.9957 0.6127477828044767
0.0000 0.1017 0.1880 0.2897 0.9957 0.6127477828044767
0.0000 0.1015 0.1856 0.2871 0.9957 0.6127477828044767
0.0000 0.1014 0.1832 0.2845 0.9135 0.6900779361269893
0.0000 0.1012 0.1811 0.2823 0.9135 0.6900779361269893
0.0000 0.1010 0.1790 0.2800 0.9957 0.6900779361269893
0.0000 0.1008 0.1772 0.2780 0.9957 0.6900779361269893
0.0010 0.1004 0.1755 0.2769 0.9957 0.6900779361269893
0.0000 0.1027 0.1771 0.2799 0.9957 0.6900779361269893
0.0000 0.1083 0.1825 0.2907 0.9951 0.6900779361269893
0.0098 0.1099 0.1861 0.3059 0.9951 0.6900779361269893
0.0000 0.0982 0.1871 0.2853 0.9956 0.6900779361269893
0.0000 0.0941 0.1958 0.2899 0.9956 0.6900779361269893
0.0000 0.0913 0.2022 0.2935 0.9057 0.6718840823079643
0.0346 0.0885 0.2042 0.3273 0.9057 0.6718840823079643
0.0000 0.0866 0.2005 0.2872 0.9959 0.6718840823079643
0.0221 0.0875 0.2024 0.3120 0.9959 0.6718840823079643
0.0000 0.0858 0.1996 0.2854 0.9960 0.6718840823079643
0.0000 0.0860 0.2028 0.2888 0.9960 0.6718840823079643
0.0000 0.0863 0.2063 0.2926 0.9960 0.6718840823079643
0.0101 0.0860 0.2080 0.3041 0.9960 0.6718840823079643
0.0000 0.0827 0.2034 0.2861 0.9962 0.6718840823079643
0.0000 0.0808 0.2066 0.2874 0.9962 0.6718840823079643
0.0000 0.0793 0.2102 0.2895 0.9116 0.7066247479248537
0.0000 0.0780 0.2112 0.2891 0.9116 0.7066247479248537
0.0029 0.0769 0.2098 0.2896 0.9962 0.7066247479248537
0.0000 0.0769 0.2046 0.2815 0.9962 0.7066247479248537
0.0000 0.0765 0.2047 0.2812 0.9962 0.7066247479248537
0.0000 0.0763 0.2057 0.2820 0.9962 0.7066247479248537
0.0000 0.0762 0.2054 0.2816 0.9961 0.7066247479248537
0.0000 0.0754 0.2032 0.2786 0.9961 0.7066247479248537
0.0000 0.0740 0.2012 0.2752 0.9961 0.7066247479248537
0.0000 0.0725 0.1985 0.2710 0.9961 0.7066247479248537
0.0000 0.0710 0.1965 0.2675 0.9080 0.6792909820127045
0.0000 0.0696 0.1940 0.2636 0.9080 0.6792909820127045
0.0000 0.0683 0.1917 0.2599 0.9961 0.6792909820127045
0.0000 0.0670 0.1893 0.2563 0.9961 0.6792909820127045
0.0000 0.0658 0.1869 0.2527 0.9961 0.6792909820127045
0.0000 0.0647 0.1843 0.2489 0.9961 0.6792909820127045
0.0000 0.0636 0.1816 0.2453 0.9960 0.6792909820127045
0.0000 0.0627 0.1792 0.2419 0.9960 0.6792909820127045
0.0000 0.0617 0.1766 0.2383 0.9960 0.6792909820127045
0.0000 0.0608 0.1744 0.2352 0.9960 0.6792909820127045
0.0000 0.0598 0.1721 0.2319 0.9075 0.689409774129209
0.0000 0.0589 0.1701 0.2289 0.9075 0.689409774129209
0.0000 0.0580 0.1682 0.2262 0.9960 0.689409774129209
0.0000 0.0571 0.1661 0.2232 0.9960 0.689409774129209
0.0000 0.0562 0.1641 0.2203 0.9961 0.689409774129209
0.0000 0.0553 0.1622 0.2175 0.9961 0.689409774129209
0.0000 0.0544 0.1604 0.2148 0.9961 0.689409774129209
0.0000 0.0534 0.1588 0.2122 0.9961 0.689409774129209
0.0000 0.0524 0.1572 0.2096 0.9961 0.689409774129209
0.0000 0.0514 0.1558 0.2071 0.9961 0.689409774129209
0.0000 0.0503 0.1545 0.2048 0.9076 0.680572136255853
0.0000 0.0492 0.1532 0.2024 0.9076 0.680572136255853
0.0000 0.0482 0.1521 0.2003 0.9960 0.680572136255853
0.0000 0.0473 0.1509 0.1982 0.9960 0.680572136255853
0.0000 0.0465 0.1497 0.1962 0.9960 0.680572136255853
0.0000 0.0457 0.1485 0.1941 0.9960 0.680572136255853
0.0000 0.0449 0.1472 0.1921 0.9960 0.680572136255853
0.0000 0.0441 0.1459 0.1900 0.9960 0.680572136255853
0.0000 0.0433 0.1447 0.1880 0.9960 0.680572136255853
0.0000 0.0426 0.1436 0.1862 0.9960 0.680572136255853
0.0000 0.0418 0.1427 0.1845 0.9083 0.671791581298113
0.0000 0.0411 0.1417 0.1828 0.9083 0.671791581298113
0.0000 0.0404 0.1408 0.1812 0.9960 0.671791581298113
0.0000 0.0398 0.1399 0.1797 0.9960 0.671791581298113
0.0000 0.0392 0.1390 0.1782 0.9960 0.671791581298113
0.0000 0.0387 0.1381 0.1768 0.9960 0.671791581298113
0.0023 0.0381 0.1372 0.1775 0.9960 0.671791581298113
0.0000 0.0405 0.1387 0.1792 0.9960 0.671791581298113
0.0000 0.0468 0.1430 0.1898 0.9958 0.671791581298113
0.0000 0.0494 0.1455 0.1949 0.9958 0.671791581298113
0.0000 0.0458 0.1462 0.1919 0.9160 0.7202526552754509
0.0037 0.0413 0.1471 0.1921 0.9160 0.7202526552754509
0.0000 0.0365 0.1459 0.1824 0.9959 0.7202526552754509
0.0000 0.0348 0.1477 0.1825 0.9959 0.7202526552754509
0.0000 0.0340 0.1490 0.1830 0.9963 0.7202526552754509
0.0000 0.0336 0.1495 0.1831 0.9963 0.7202526552754509
0.0000 0.0331 0.1494 0.1825 0.9965 0.7202526552754509
0.0040 0.0325 0.1490 0.1855 0.9965 0.7202526552754509
0.0000 0.0315 0.1488 0.1804 0.9962 0.7202526552754509
0.0000 0.0349 0.1537 0.1886 0.9962 0.7202526552754509
0.0000 0.0371 0.1573 0.1945 0.9204 0.7425176108562258
0.0000 0.0357 0.1576 0.1933 0.9204 0.7425176108562258
0.0000 0.0333 0.1562 0.1896 0.9959 0.7425176108562258
0.0000 0.0315 0.1546 0.1861 0.9959 0.7425176108562258
0.0052 0.0302 0.1531 0.1886 0.9962 0.7425176108562258
0.0000 0.0280 0.1497 0.1777 0.9962 0.7425176108562258
0.0000 0.0273 0.1493 0.1765 0.9966 0.7425176108562258
0.0000 0.0273 0.1497 0.1771 0.9966 0.7425176108562258
0.0000 0.0274 0.1497 0.1772 0.9967 0.7425176108562258
0.0000 0.0273 0.1493 0.1766 0.9967 0.7425176108562258
0.0000 0.0270 0.1484 0.1754 0.9144 0.6970004358216024
0.0000 0.0267 0.1473 0.1740 0.9144 0.6970004358216024
0.0000 0.0265 0.1458 0.1723 0.9966 0.6970004358216024
0.0000 0.0265 0.1439 0.1705 0.9966 0.6970004358216024
0.0000 0.0266 0.1417 0.1683 0.9967 0.6970004358216024
0.0000 0.0268 0.1393 0.1662 0.9967 0.6970004358216024
0.0000 0.0271 0.1371 0.1642 0.9968 0.6970004358216024
0.0048 0.0273 0.1351 0.1671 0.9968 0.6970004358216024
0.0000 0.0282 0.1352 0.1634 0.9967 0.6970004358216024
0.0000 0.0314 0.1389 0.1703 0.9967 0.6970004358216024
0.0000 0.0326 0.1402 0.1728 0.9182 0.7298488918036244
0.0000 0.0303 0.1390 0.1692 0.9182 0.7298488918036244
0.0000 0.0282 0.1375 0.1658 0.9965 0.7298488918036244
0.0000 0.0270 0.1363 0.1633 0.9965 0.7298488918036244
0.0000 0.0265 0.1345 0.1610 0.9966 0.7298488918036244
0.0000 0.0264 0.1331 0.1594 0.9966 0.7298488918036244
0.0000 0.0263 0.1319 0.1582 0.9965 0.7298488918036244
0.0000 0.0262 0.1305 0.1566 0.9965 0.7298488918036244
0.0000 0.0259 0.1294 0.1552 0.9964 0.7298488918036244
0.0000 0.0255 0.1286 0.1541 0.9964 0.7298488918036244
0.0000 0.0252 0.1275 0.1527 0.9045 0.6695186786240785
0.0000 0.0250 0.1262 0.1512 0.9045 0.6695186786240785
0.0000 0.0251 0.1250 0.1500 0.9962 0.6695186786240785
0.0000 0.0252 0.1234 0.1486 0.9962 0.6695186786240785
0.0000 0.0255 0.1218 0.1473 0.9962 0.6695186786240785
0.0000 0.0257 0.1202 0.1460 0.9962 0.6695186786240785
0.0000 0.0260 0.1187 0.1448 0.9963 0.6695186786240785
0.0000 0.0263 0.1172 0.1435 0.9963 0.6695186786240785
0.0000 0.0266 0.1157 0.1423 0.9963 0.6695186786240785
0.0000 0.0268 0.1145 0.1413 0.9963 0.6695186786240785
0.0000 0.0269 0.1132 0.1401 0.9033 0.6504854346817975
0.0000 0.0269 0.1119 0.1389 0.9033 0.6504854346817975
0.0000 0.0270 0.1108 0.1379 0.9963 0.6504854346817975
0.0000 0.0271 0.1101 0.1372 0.9963 0.6504854346817975
0.0000 0.0272 0.1091 0.1362 0.9964 0.6504854346817975
0.0000 0.0272 0.1081 0.1353 0.9964 0.6504854346817975
0.0000 0.0272 0.1075 0.1346 0.9965 0.6504854346817975
0.0000 0.0271 0.1068 0.1339 0.9965 0.6504854346817975
0.0000 0.0271 0.1061 0.1332 0.9965 0.6504854346817975
0.0000 0.0270 0.1056 0.1326 0.9965 0.6504854346817975
0.0000 0.0269 0.1049 0.1317 0.9058 0.6421724976722648
0.0000 0.0268 0.1041 0.1309 0.9058 0.6421724976722648
0.0000 0.0267 0.1037 0.1304 0.9966 0.6421724976722648
0.0000 0.0267 0.1030 0.1297 0.9966 0.6421724976722648
0.0000 0.0266 0.1023 0.1289 0.9966 0.6421724976722648
0.0000 0.0265 0.1019 0.1284 0.9966 0.6421724976722648
0.0000 0.0264 0.1015 0.1279 0.9966 0.6421724976722648
0.0000 0.0263 0.1010 0.1274 0.9966 0.6421724976722648
0.0000 0.0262 0.1009 0.1271 0.9966 0.6421724976722648
0.0000 0.0260 0.1002 0.1262 0.9966 0.6421724976722648
0.0000 0.0258 0.1000 0.1259 0.9070 0.6407006748341
0.0000 0.0257 0.0997 0.1254 0.9070 0.6407006748341
0.0000 0.0255 0.0993 0.1248 0.9966 0.6407006748341
0.0000 0.0254 0.0988 0.1242 0.9966 0.6407006748341
0.0000 0.0253 0.0981 0.1234 0.9967 0.6407006748341
0.0000 0.0252 0.0979 0.1231 0.9967 0.6407006748341
0.0000 0.0250 0.0966 0.1216 0.9967 0.6407006748341
0.0000 0.0250 0.0964 0.1213 0.9967 0.6407006748341
0.0000 0.0249 0.0956 0.1205 0.9967 0.6407006748341
0.0000 0.0248 0.0958 0.1206 0.9967 0.6407006748341
0.0000 0.0247 0.0953 0.1200 0.9077 0.6482816711434187
0.0000 0.0246 0.0947 0.1193 0.9077 0.6482816711434187
0.0000 0.0245 0.0947 0.1192 0.9967 0.6482816711434187
0.0000 0.0244 0.0945 0.1189 0.9967 0.6482816711434187
0.0000 0.0243 0.0955 0.1198 0.9967 0.6482816711434187
0.0000 0.0241 0.0941 0.1183 0.9967 0.6482816711434187
0.0000 0.0241 0.0942 0.1183 0.9968 0.6482816711434187
0.0000 0.0239 0.0937 0.1176 0.9968 0.6482816711434187
0.0000 0.0239 0.0930 0.1169 0.9968 0.6482816711434187
0.0000 0.0239 0.0936 0.1174 0.9968 0.6482816711434187
0.0000 0.0238 0.0921 0.1159 0.9086 0.642592299924442
0.0000 0.0237 0.0920 0.1157 0.9086 0.642592299924442
0.0000 0.0236 0.0918 0.1154 0.9969 0.642592299924442
0.0000 0.0235 0.0921 0.1155 0.9969 0.642592299924442
0.0000 0.0233 0.0910 0.1144 0.9969 0.642592299924442
0.0000 0.0233 0.0907 0.1140 0.9969 0.642592299924442
0.0000 0.0234 0.0913 0.1146 0.9969 0.642592299924442
0.0000 0.0233 0.0902 0.1135 0.9969 0.642592299924442
0.0000 0.0232 0.0900 0.1132 0.9969 0.642592299924442
0.0000 0.0231 0.0897 0.1128 0.9969 0.642592299924442
0.0000 0.0230 0.0893 0.1122 0.9092 0.6491663912242027
0.0000 0.0229 0.0889 0.1118 0.9092 0.6491663912242027
0.0000 0.0228 0.0893 0.1122 0.9970 0.6491663912242027
0.0000 0.0227 0.0878 0.1106 0.9970 0.6491663912242027
0.0000 0.0227 0.0872 0.1099 0.9970 0.6491663912242027
0.0000 0.0227 0.0870 0.1096 0.9970 0.6491663912242027
0.0000 0.0226 0.0871 0.1098 0.9970 0.6491663912242027
0.0000 0.0225 0.0863 0.1088 0.9970 0.6491663912242027
0.0000 0.0224 0.0863 0.1087 0.9970 0.6491663912242027
0.0000 0.0224 0.0862 0.1085 0.9970 0.6491663912242027
0.0000 0.0224 0.0862 0.1085 0.9094 0.6459704406812536
0.0000 0.0224 0.0852 0.1076 0.9094 0.6459704406812536
0.0000 0.0224 0.0852 0.1076 0.9971 0.6459704406812536
0.0000 0.0223 0.0847 0.1070 0.9971 0.6459704406812536
0.0000 0.0222 0.0846 0.1068 0.9971 0.6459704406812536
0.0000 0.0221 0.0844 0.1065 0.9971 0.6459704406812536
0.0000 0.0220 0.0838 0.1058 0.9971 0.6459704406812536
0.0000 0.0219 0.0837 0.1056 0.9971 0.6459704406812536
0.0000 0.0220 0.0826 0.1045 0.9971 0.6459704406812536
0.0000 0.0220 0.0825 0.1045 0.9971 0.6459704406812536
0.0000 0.0220 0.0822 0.1042 0.9098 0.6499657698143186
0.0000 0.0218 0.0823 0.1041 0.9098 0.6499657698143186
0.0000 0.0217 0.0815 0.1032 0.9971 0.6499657698143186
0.0000 0.0215 0.0812 0.1027 0.9971 0.6499657698143186
0.0000 0.0215 0.0810 0.1025 0.9971 0.6499657698143186
0.0000 0.0215 0.0812 0.1027 0.9971 0.6499657698143186
0.0000 0.0215 0.0804 0.1018 0.9972 0.6499657698143186
0.0000 0.0214 0.0802 0.1016 0.9972 0.6499657698143186
0.0000 0.0213 0.0797 0.1010 0.9972 0.6499657698143186
0.0000 0.0213 0.0797 0.1009 0.9972 0.6499657698143186
0.0000 0.0212 0.0798 0.1010 0.9087 0.6533545470300071
0.0000 0.0212 0.0793 0.1005 0.9087 0.6533545470300071
0.0000 0.0212 0.0784 0.0996 0.9973 0.6533545470300071
0.0000 0.0212 0.0781 0.0993 0.9973 0.6533545470300071
0.0000 0.0212 0.0772 0.0984 0.9973 0.6533545470300071
0.0000 0.0212 0.0772 0.0984 0.9973 0.6533545470300071
0.0000 0.0212 0.0765 0.0977 0.9973 0.6533545470300071
0.0000 0.0212 0.0760 0.0972 0.9973 0.6533545470300071
0.0000 0.0211 0.0757 0.0968 0.9973 0.6533545470300071
0.0000 0.0210 0.0767 0.0977 0.9973 0.6533545470300071
0.0000 0.0209 0.0754 0.0963 0.9097 0.6619007450294485
0.0000 0.0208 0.0759 0.0967 0.9097 0.6619007450294485
0.0000 0.0208 0.0754 0.0962 0.9973 0.6619007450294485
0.0000 0.0207 0.0754 0.0962 0.9973 0.6619007450294485
0.0000 0.0207 0.0748 0.0955 0.9974 0.6619007450294485
0.0000 0.0207 0.0749 0.0956 0.9974 0.6619007450294485
0.0000 0.0207 0.0744 0.0950 0.9974 0.6619007450294485
0.0000 0.0207 0.0736 0.0943 0.9974 0.6619007450294485
0.0000 0.0207 0.0736 0.0943 0.9974 0.6619007450294485
0.0000 0.0207 0.0726 0.0933 0.9974 0.6619007450294485
0.0000 0.0207 0.0724 0.0931 0.9079 0.6460632729447059
0.0000 0.0206 0.0715 0.0921 0.9079 0.6460632729447059
0.0000 0.0206 0.0712 0.0918 0.9974 0.6460632729447059
0.0000 0.0206 0.0704 0.0910 0.9974 0.6460632729447059
0.0000 0.0205 0.0702 0.0908 0.9975 0.6460632729447059
0.0000 0.0205 0.0696 0.0901 0.9975 0.6460632729447059
0.0000 0.0205 0.0693 0.0897 0.9975 0.6460632729447059
0.0000 0.0205 0.0690 0.0895 0.9975 0.6460632729447059
0.0000 0.0205 0.0688 0.0893 0.9975 0.6460632729447059
0.0000 0.0204 0.0683 0.0887 0.9975 0.6460632729447059
0.0000 0.0203 0.0683 0.0886 0.9073 0.6514916652892917
0.0000 0.0202 0.0681 0.0884 0.9073 0.6514916652892917
0.0000 0.0202 0.0680 0.0882 0.9975 0.6514916652892917
0.0000 0.0202 0.0680 0.0883 0.9975 0.6514916652892917
0.0000 0.0202 0.0676 0.0879 0.9975 0.6514916652892917
0.0000 0.0203 0.0675 0.0878 0.9975 0.6514916652892917
0.0000 0.0203 0.0667 0.0869 0.9976 0.6514916652892917
0.0000 0.0202 0.0664 0.0867 0.9976 0.6514916652892917
0.0000 0.0202 0.0663 0.0865 0.9976 0.6514916652892917
0.0000 0.0201 0.0661 0.0862 0.9976 0.6514916652892917
0.0000 0.0201 0.0657 0.0858 0.9071 0.6363838594875856
0.0000 0.0200 0.0651 0.0851 0.9071 0.6363838594875856
0.0000 0.0201 0.0650 0.0850 0.9976 0.6363838594875856
0.0000 0.0201 0.0643 0.0844 0.9976 0.6363838594875856
0.0000 0.0201 0.0640 0.0841 0.9976 0.6363838594875856
0.0000 0.0201 0.0632 0.0833 0.9976 0.6363838594875856
0.0000 0.0201 0.0628 0.0829 0.9976 0.6363838594875856
0.0000 0.0201 0.0622 0.0823 0.9976 0.6363838594875856
0.0000 0.0200 0.0621 0.0822 0.9976 0.6363838594875856
0.0000 0.0200 0.0615 0.0816 0.9976 0.6363838594875856
0.0000 0.0200 0.0617 0.0817 0.9044 0.6323339128658425
0.0000 0.0200 0.0612 0.0812 0.9044 0.6323339128658425
0.0000 0.0199 0.0607 0.0806 0.9977 0.6323339128658425
0.0000 0.0199 0.0610 0.0809 0.9977 0.6323339128658425
0.0000 0.0198 0.0607 0.0805 0.9977 0.6323339128658425
0.0000 0.0197 0.0606 0.0803 0.9977 0.6323339128658425
0.0000 0.0197 0.0609 0.0806 0.9977 0.6323339128658425
0.0000 0.0196 0.0611 0.0808 0.9977 0.6323339128658425
0.0000 0.0196 0.0609 0.0805 0.9977 0.6323339128658425
0.0000 0.0195 0.0608 0.0803 0.9977 0.6323339128658425
0.0000 0.0194 0.0613 0.0808 0.9054 0.6333043392561767
0.0000 0.0194 0.0609 0.0802 0.9054 0.6333043392561767
0.0000 0.0193 0.0609 0.0803 0.9977 0.6333043392561767
0.0000 0.0193 0.0610 0.0802 0.9977 0.6333043392561767
0.0000 0.0193 0.0603 0.0796 0.9977 0.6333043392561767
0.0000 0.0193 0.0602 0.0795 0.9977 0.6333043392561767
0.0000 0.0194 0.0596 0.0790 0.9978 0.6333043392561767
0.0000 0.0194 0.0594 0.0787 0.9978 0.6333043392561767
0.0000 0.0193 0.0589 0.0783 0.9978 0.6333043392561767
0.0000 0.0193 0.0582 0.0775 0.9978 0.6333043392561767
0.0000 0.0193 0.0581 0.0774 0.9023 0.6183146628872761
0.0000 0.0193 0.0576 0.0769 0.9023 0.6183146628872761
0.0000 0.0193 0.0570 0.0763 0.9978 0.6183146628872761
0.0000 0.0193 0.0564 0.0757 0.9978 0.6183146628872761
0.0000 0.0193 0.0561 0.0754 0.9978 0.6183146628872761
0.0000 0.0193 0.0559 0.0752 0.9978 0.6183146628872761
0.0000 0.0193 0.0560 0.0752 0.9978 0.6183146628872761
0.0000 0.0192 0.0553 0.0745 0.9978 0.6183146628872761
0.0000 0.0192 0.0550 0.0741 0.9978 0.6183146628872761
0.0000 0.0192 0.0548 0.0740 0.9978 0.6183146628872761
0.0000 0.0191 0.0544 0.0735 0.9021 0.6243789814736038
0.0000 0.0191 0.0544 0.0735 0.9021 0.6243789814736038
0.0000 0.0191 0.0545 0.0735 0.9978 0.6243789814736038
0.0000 0.0190 0.0539 0.0729 0.9978 0.6243789814736038
0.0000 0.0190 0.0534 0.0724 0.9978 0.6243789814736038
0.0000 0.0190 0.0538 0.0728 0.9978 0.6243789814736038
0.0000 0.0190 0.0531 0.0721 0.9978 0.6243789814736038
0.0000 0.0190 0.0532 0.0721 0.9978 0.6243789814736038
0.0000 0.0189 0.0528 0.0718 0.9978 0.6243789814736038
0.0000 0.0189 0.0527 0.0716 0.9978 0.6243789814736038
0.0000 0.0189 0.0523 0.0712 0.9000 0.6132845086727482
0.0000 0.0189 0.0520 0.0709 0.9000 0.6132845086727482
0.0000 0.0188 0.0518 0.0706 0.9979 0.6132845086727482
0.0000 0.0188 0.0515 0.0703 0.9979 0.6132845086727482
0.0000 0.0188 0.0513 0.0701 0.9979 0.6132845086727482
0.0000 0.0188 0.0508 0.0695 0.9979 0.6132845086727482
0.0000 0.0187 0.0505 0.0693 0.9979 0.6132845086727482
0.0000 0.0187 0.0501 0.0688 0.9979 0.6132845086727482
0.0000 0.0187 0.0498 0.0685 0.9979 0.6132845086727482
0.0000 0.0186 0.0495 0.0681 0.9979 0.6132845086727482
0.0000 0.0186 0.0492 0.0678 0.8968 0.6135138018349463
0.0000 0.0186 0.0488 0.0674 0.8968 0.6135138018349463
0.0000 0.0185 0.0484 0.0669 0.9979 0.6135138018349463
0.0000 0.0185 0.0481 0.0666 0.9979 0.6135138018349463
0.0000 0.0185 0.0481 0.0666 0.9979 0.6135138018349463
0.0000 0.0185 0.0477 0.0661 0.9979 0.6135138018349463
0.0000 0.0184 0.0475 0.0660 0.9979 0.6135138018349463
0.0000 0.0184 0.0474 0.0658 0.9979 0.6135138018349463
0.0000 0.0183 0.0472 0.0655 0.9979 0.6135138018349463
0.0000 0.0183 0.0471 0.0654 0.9979 0.6135138018349463
0.0000 0.0182 0.0470 0.0652 0.8936 0.5996572169019868
0.0000 0.0181 0.0470 0.0651 0.8936 0.5996572169019868
0.0000 0.0181 0.0468 0.0649 0.9979 0.5996572169019868
0.0000 0.0181 0.0468 0.0649 0.9979 0.5996572169019868
0.0000 0.0180 0.0467 0.0647 0.9979 0.5996572169019868
0.0000 0.0180 0.0465 0.0645 0.9979 0.5996572169019868
0.0000 0.0180 0.0464 0.0644 0.9979 0.5996572169019868
0.0000 0.0179 0.0463 0.0642 0.9979 0.5996572169019868
0.0000 0.0179 0.0462 0.0642 0.9979 0.5996572169019868
0.0000 0.0179 0.0461 0.0639 0.9979 0.5996572169019868
0.0000 0.0179 0.0457 0.0636 0.8897 0.5867496467951081
0.0000 0.0179 0.0457 0.0636 0.8897 0.5867496467951081
0.0000 0.0178 0.0452 0.0631 0.9979 0.5867496467951081
0.0000 0.0178 0.0452 0.0630 0.9979 0.5867496467951081
0.0004 0.0178 0.0449 0.0632 0.9979 0.5867496467951081
0.1465 0.0383 0.0629 0.2476 0.9979 0.5867496467951081
0.0921 0.0275 0.0647 0.1843 0.9969 0.5867496467951081
0.0598 0.0197 0.0683 0.1479 0.9969 0.5867496467951081
0.1157 0.0190 0.0752 0.2099 0.9966 0.5867496467951081
0.0614 0.0167 0.0805 0.1586 0.9966 0.5867496467951081
0.0651 0.0170 0.0895 0.1716 0.9086 0.7148365863173811
0.0865 0.0177 0.0976 0.2018 0.9086 0.7148365863173811
0.0437 0.0183 0.0992 0.1612 0.9967 0.7148365863173811
0.0364 0.0204 0.1037 0.1605 0.9967 0.7148365863173811
0.0265 0.0208 0.1056 0.1529 0.9965 0.7148365863173811
0.0185 0.0206 0.1061 0.1452 0.9965 0.7148365863173811
0.0031 0.0205 0.1038 0.1274 0.9968 0.7148365863173811
0.0000 0.0211 0.1010 0.1221 0.9968 0.7148365863173811
0.0357 0.0202 0.1009 0.1568 0.9966 0.7148365863173811
0.0000 0.0206 0.0938 0.1144 0.9966 0.7148365863173811
0.0000 0.0196 0.0904 0.1099 0.9055 0.696587972381408
0.0202 0.0195 0.0879 0.1277 0.9055 0.696587972381408
0.0000 0.0216 0.0783 0.0999 0.9967 0.696587972381408
0.0000 0.0221 0.0766 0.0988 0.9967 0.696587972381408
0.0534 0.0257 0.0762 0.1553 0.9965 0.696587972381408
0.0000 0.0258 0.0632 0.0890 0.9965 0.696587972381408
0.0000 0.0288 0.0605 0.0893 0.9973 0.696587972381408
0.0751 0.0350 0.0613 0.1714 0.9973 0.696587972381408
0.0000 0.0309 0.0525 0.0835 0.9959 0.696587972381408
0.0000 0.0299 0.0542 0.0841 0.9959 0.696587972381408
0.0000 0.0289 0.0571 0.0860 0.8854 0.6370148269456621
0.0188 0.0278 0.0570 0.1037 0.8854 0.6370148269456621
0.0000 0.0279 0.0537 0.0816 0.9945 0.6370148269456621
0.0776 0.0269 0.0569 0.1614 0.9945 0.6370148269456621
0.0266 0.0257 0.0599 0.1123 0.9959 0.6370148269456621
0.0000 0.0266 0.0590 0.0856 0.9959 0.6370148269456621
0.0000 0.0271 0.0627 0.0898 0.9945 0.6370148269456621
0.0347 0.0279 0.0676 0.1302 0.9945 0.6370148269456621
0.0005 0.0282 0.0630 0.0918 0.9942 0.6370148269456621
0.0165 0.0290 0.0580 0.1035 0.9942 0.6370148269456621
