1.1611 0.6848 6.0253 7.8712 0.2079 0.026736923160854843
1.2513 0.6716 4.6193 6.5422 0.2079 0.026736923160854843
1.3296 0.6630 3.6650 5.6575 0.8618 0.026736923160854843
1.3655 0.6579 3.0243 5.0477 0.8618 0.026736923160854843
1.3654 0.6555 2.5682 4.5891 0.7537 0.026736923160854843
1.3418 0.6554 2.2243 4.2215 0.7537 0.026736923160854843
1.2951 0.6573 1.9591 3.9115 0.6520 0.026736923160854843
1.2175 0.6608 1.7588 3.6371 0.6520 0.026736923160854843
1.1049 0.6650 1.6203 3.3903 0.5948 0.026736923160854843
0.9712 0.6691 1.5311 3.1714 0.5948 0.026736923160854843
0.8388 0.6719 1.4705 2.9812 0.2088 0.0267716991656714
0.7257 0.6730 1.4136 2.8123 0.2088 0.0267716991656714
0.6404 0.6717 1.3487 2.6608 0.8460 0.0267716991656714
0.5829 0.6681 1.2800 2.5309 0.8460 0.0267716991656714
0.5490 0.6623 1.2150 2.4263 0.8833 0.0267716991656714
0.5288 0.6547 1.1623 2.3458 0.8833 0.0267716991656714
0.5126 0.6453 1.1224 2.2803 0.9098 0.0267716991656714
0.4912 0.6342 1.0911 2.2165 0.9098 0.0267716991656714
0.4681 0.6214 1.0626 2.1522 0.9316 0.0267716991656714
0.4472 0.6070 1.0342 2.0884 0.9316 0.0267716991656714
0.4266 0.5910 1.0076 2.0252 0.7045 0.07304931372949716
0.4046 0.5732 0.9808 1.9586 0.7045 0.07304931372949716
0.3811 0.5537 0.9548 1.8897 0.9531 0.07304931372949716
0.3552 0.5328 0.9288 1.8168 0.9531 0.07304931372949716
0.3289 0.5110 0.9030 1.7428 0.9609 0.07304931372949716
0.3042 0.4889 0.8770 1.6701 0.9609 0.07304931372949716
0.2825 0.4664 0.8501 1.5990 0.9670 0.07304931372949716
0.2621 0.4437 0.8240 1.5299 0.9670 0.07304931372949716
0.2417 0.4213 0.8007 1.4636 0.9694 0.07304931372949716
0.2197 0.3998 0.7807 1.4001 0.9694 0.07304931372949716
0.1948 0.3793 0.7639 1.3380 0.8567 0.31421594073361914
0.1710 0.3599 0.7478 1.2788 0.8567 0.31421594073361914
0.1498 0.3422 0.7313 1.2234 0.9745 0.31421594073361914
0.1277 0.3263 0.7155 1.1695 0.9745 0.31421594073361914
0.1046 0.3121 0.7005 1.1172 0.9762 0.31421594073361914
0.0811 0.2992 0.6849 1.0652 0.9762 0.31421594073361914
0.0528 0.2885 0.6697 1.0110 0.9772 0.31421594073361914
0.0141 0.2805 0.6560 0.9506 0.9772 0.31421594073361914
0.0000 0.2737 0.6438 0.9175 0.9781 0.31421594073361914
0.0000 0.2654 0.6256 0.8909 0.9781 0.31421594073361914
0.0646 0.2548 0.6065 0.9259 0.8961 0.5879072325993793
0.0000 0.2443 0.6012 0.8454 0.8961 0.5879072325993793
0.0510 0.2342 0.5988 0.8840 0.9764 0.5879072325993793
0.0000 0.2237 0.5930 0.8168 0.9764 0.5879072325993793
0.0000 0.2147 0.5860 0.8007 0.9775 0.5879072325993793
0.0409 0.2066 0.5751 0.8226 0.9775 0.5879072325993793
0.0109 0.2010 0.5619 0.7738 0.9775 0.5879072325993793
0.0000 0.1987 0.5502 0.7489 0.9775 0.5879072325993793
0.0314 0.1969 0.5384 0.7668 0.9791 0.5879072325993793
0.0000 0.1948 0.5256 0.7204 0.9791 0.5879072325993793
0.0000 0.1925 0.5139 0.7064 0.9047 0.6617065248483365
0.0465 0.1891 0.5027 0.7382 0.9047 0.6617065248483365
0.0000 0.1844 0.4938 0.6782 0.9789 0.6617065248483365
0.0202 0.1810 0.4895 0.6907 0.9789 0.6617065248483365
0.0000 0.1794 0.4855 0.6649 0.9788 0.6617065248483365
0.0000 0.1783 0.4809 0.6592 0.9788 0.6617065248483365
0.0053 0.1772 0.4732 0.6557 0.9790 0.6617065248483365
0.0000 0.1755 0.4616 0.6371 0.9790 0.6617065248483365
0.0000 0.1742 0.4517 0.6258 0.9790 0.6617065248483365
0.0060 0.1730 0.4418 0.6208 0.9790 0.6617065248483365
0.0000 0.1722 0.4316 0.6039 0.9085 0.6838142847868188
0.0000 0.1717 0.4246 0.5962 0.9085 0.6838142847868188
0.0171 0.1713 0.4179 0.6063 0.9800 0.6838142847868188
0.0000 0.1698 0.4125 0.5823 0.9800 0.6838142847868188
0.0000 0.1686 0.4131 0.5818 0.9799 0.6838142847868188
0.0105 0.1674 0.4124 0.5903 0.9799 0.6838142847868188
0.0000 0.1668 0.4046 0.5715 0.9799 0.6838142847868188
0.0000 0.1662 0.3998 0.5659 0.9799 0.6838142847868188
0.0000 0.1658 0.3944 0.5603 0.9803 0.6838142847868188
0.0254 0.1656 0.3876 0.5786 0.9803 0.6838142847868188
0.0000 0.1650 0.3774 0.5423 0.9099 0.6849166457925916
0.0000 0.1644 0.3716 0.5360 0.9099 0.6849166457925916
0.0220 0.1639 0.3667 0.5525 0.9803 0.6849166457925916
0.0000 0.1634 0.3589 0.5223 0.9803 0.6849166457925916
0.0000 0.1630 0.3561 0.5190 0.9806 0.6849166457925916
0.0284 0.1628 0.3545 0.5457 0.9806 0.6849166457925916
0.0000 0.1618 0.3480 0.5097 0.9806 0.6849166457925916
0.0000 0.1610 0.3462 0.5072 0.9806 0.6849166457925916
0.0092 0.1604 0.3444 0.5140 0.9809 0.6849166457925916
0.0000 0.1602 0.3383 0.4986 0.9809 0.6849166457925916
0.0000 0.1598 0.3362 0.4960 0.9159 0.723821251488338
0.0000 0.1598 0.3344 0.4942 0.9159 0.723821251488338
0.0418 0.1599 0.3311 0.5329 0.9809 0.723821251488338
0.0000 0.1586 0.3230 0.4817 0.9809 0.723821251488338
0.0000 0.1579 0.3219 0.4798 0.9813 0.723821251488338
0.0000 0.1572 0.3215 0.4787 0.9813 0.723821251488338
0.0346 0.1567 0.3199 0.5112 0.9818 0.723821251488338
0.0000 0.1568 0.3121 0.4689 0.9818 0.723821251488338
0.0000 0.1565 0.3098 0.4663 0.9816 0.723821251488338
0.0000 0.1565 0.3086 0.4651 0.9816 0.723821251488338
0.0240 0.1568 0.3065 0.4873 0.9174 0.7301180687647836
0.0000 0.1558 0.2992 0.4551 0.9174 0.7301180687647836
0.0000 0.1551 0.2990 0.4541 0.9815 0.7301180687647836
0.0000 0.1545 0.2997 0.4542 0.9815 0.7301180687647836
0.0119 0.1541 0.2991 0.4652 0.9817 0.7301180687647836
0.0000 0.1540 0.2927 0.4467 0.9817 0.7301180687647836
0.0000 0.1536 0.2908 0.4445 0.9818 0.7301180687647836
0.0000 0.1533 0.2898 0.4430 0.9818 0.7301180687647836
0.0015 0.1531 0.2880 0.4426 0.9821 0.7301180687647836
0.0000 0.1530 0.2806 0.4336 0.9821 0.7301180687647836
0.0000 0.1526 0.2791 0.4317 0.9209 0.7451360969963043
0.0000 0.1529 0.2791 0.4320 0.9209 0.7451360969963043
0.0000 0.1533 0.2777 0.4310 0.9815 0.7451360969963043
0.0000 0.1530 0.2740 0.4270 0.9815 0.7451360969963043
0.0070 0.1523 0.2690 0.4283 0.9816 0.7451360969963043
0.0000 0.1513 0.2637 0.4150 0.9816 0.7451360969963043
0.0000 0.1507 0.2657 0.4164 0.9822 0.7451360969963043
0.0000 0.1500 0.2682 0.4181 0.9822 0.7451360969963043
0.0055 0.1493 0.2685 0.4233 0.9823 0.7451360969963043
0.0000 0.1484 0.2621 0.4105 0.9823 0.7451360969963043
0.0000 0.1473 0.2624 0.4097 0.9208 0.7475427228744862
0.0000 0.1469 0.2635 0.4104 0.9208 0.7475427228744862
0.0000 0.1470 0.2631 0.4101 0.9813 0.7475427228744862
0.0000 0.1470 0.2609 0.4079 0.9813 0.7475427228744862
0.0090 0.1467 0.2572 0.4129 0.9810 0.7475427228744862
0.0000 0.1458 0.2515 0.3974 0.9810 0.7475427228744862
0.0000 0.1453 0.2525 0.3978 0.9821 0.7475427228744862
0.0000 0.1444 0.2548 0.3992 0.9821 0.7475427228744862
0.0000 0.1436 0.2551 0.3987 0.9823 0.7475427228744862
0.0033 0.1431 0.2529 0.3994 0.9823 0.7475427228744862
0.0000 0.1431 0.2454 0.3884 0.9191 0.7410225294859267
0.0000 0.1423 0.2456 0.3879 0.9191 0.7410225294859267
0.0000 0.1417 0.2469 0.3886 0.9826 0.7410225294859267
0.0000 0.1416 0.2467 0.3883 0.9826 0.7410225294859267
0.0000 0.1417 0.2444 0.3861 0.9820 0.7410225294859267
0.0005 0.1416 0.2405 0.3826 0.9820 0.7410225294859267
0.0000 0.1407 0.2350 0.3756 0.9821 0.7410225294859267
0.0000 0.1393 0.2364 0.3758 0.9821 0.7410225294859267
0.0000 0.1378 0.2387 0.3766 0.9820 0.7410225294859267
0.0000 0.1366 0.2396 0.3763 0.9820 0.7410225294859267
0.0045 0.1359 0.2384 0.3788 0.9189 0.7426223633158392
0.0000 0.1359 0.2310 0.3669 0.9189 0.7426223633158392
0.0000 0.1355 0.2302 0.3657 0.9823 0.7426223633158392
0.0000 0.1351 0.2304 0.3655 0.9823 0.7426223633158392
0.0000 0.1351 0.2298 0.3648 0.9826 0.7426223633158392
0.0000 0.1353 0.2278 0.3631 0.9826 0.7426223633158392
0.0000 0.1353 0.2248 0.3601 0.9825 0.7426223633158392
0.0000 0.1352 0.2213 0.3564 0.9825 0.7426223633158392
0.0000 0.1349 0.2177 0.3527 0.9825 0.7426223633158392
0.0000 0.1345 0.2144 0.3488 0.9825 0.7426223633158392
0.0000 0.1338 0.2112 0.3450 0.9212 0.751382350816667
0.0000 0.1328 0.2085 0.3414 0.9212 0.751382350816667
0.0000 0.1319 0.2060 0.3379 0.9824 0.751382350816667
0.0000 0.1310 0.2036 0.3345 0.9824 0.751382350816667
0.0000 0.1302 0.2010 0.3312 0.9822 0.751382350816667
0.0000 0.1294 0.1984 0.3278 0.9822 0.751382350816667
0.0000 0.1287 0.1958 0.3244 0.9822 0.751382350816667
0.0000 0.1280 0.1932 0.3212 0.9822 0.751382350816667
0.0000 0.1275 0.1907 0.3181 0.9823 0.751382350816667
0.0006 0.1268 0.1884 0.3158 0.9823 0.751382350816667
0.0000 0.1273 0.1870 0.3144 0.9217 0.7529994923626753
0.0000 0.1266 0.1883 0.3150 0.9217 0.7529994923626753
0.0000 0.1262 0.1895 0.3157 0.9829 0.7529994923626753
0.0000 0.1257 0.1893 0.3150 0.9829 0.7529994923626753
0.0000 0.1247 0.1875 0.3122 0.9824 0.7529994923626753
0.0000 0.1236 0.1850 0.3086 0.9824 0.7529994923626753
0.0000 0.1228 0.1826 0.3054 0.9827 0.7529994923626753
0.0000 0.1221 0.1805 0.3026 0.9827 0.7529994923626753
0.0000 0.1212 0.1788 0.3000 0.9828 0.7529994923626753
0.0000 0.1200 0.1773 0.2974 0.9828 0.7529994923626753
0.0000 0.1186 0.1760 0.2947 0.9206 0.7436778451192916
0.0000 0.1172 0.1749 0.2921 0.9206 0.7436778451192916
0.0000 0.1159 0.1737 0.2896 0.9830 0.7436778451192916
0.0000 0.1147 0.1724 0.2871 0.9830 0.7436778451192916
0.0000 0.1136 0.1709 0.2845 0.9831 0.7436778451192916
0.0000 0.1125 0.1693 0.2818 0.9831 0.7436778451192916
0.0000 0.1114 0.1678 0.2792 0.9834 0.7436778451192916
0.0000 0.1104 0.1662 0.2767 0.9834 0.7436778451192916
0.0000 0.1093 0.1648 0.2741 0.9835 0.7436778451192916
0.0000 0.1081 0.1634 0.2715 0.9835 0.7436778451192916
0.0000 0.1067 0.1623 0.2690 0.9227 0.751146127118889
0.0039 0.1054 0.1613 0.2705 0.9227 0.751146127118889
0.0000 0.1055 0.1617 0.2672 0.9839 0.751146127118889
0.0000 0.1051 0.1648 0.2699 0.9839 0.751146127118889
0.0000 0.1049 0.1668 0.2716 0.9839 0.751146127118889
0.0000 0.1035 0.1663 0.2698 0.9839 0.751146127118889
0.0000 0.1018 0.1648 0.2666 0.9839 0.751146127118889
0.0000 0.1007 0.1635 0.2642 0.9839 0.751146127118889
0.0000 0.0997 0.1623 0.2620 0.9838 0.751146127118889
0.0000 0.0984 0.1612 0.2596 0.9838 0.751146127118889
0.0000 0.0969 0.1604 0.2573 0.9234 0.7513921697163592
0.0000 0.0955 0.1597 0.2553 0.9234 0.7513921697163592
0.0064 0.0942 0.1590 0.2597 0.9840 0.7513921697163592
0.0000 0.0946 0.1593 0.2539 0.9840 0.7513921697163592
0.0000 0.0936 0.1646 0.2582 0.9842 0.7513921697163592
0.0000 0.0927 0.1677 0.2603 0.9842 0.7513921697163592
0.0043 0.0915 0.1674 0.2632 0.9840 0.7513921697163592
0.0000 0.0901 0.1648 0.2549 0.9840 0.7513921697163592
0.0000 0.0891 0.1706 0.2597 0.9834 0.7513921697163592
0.0009 0.0875 0.1751 0.2636 0.9834 0.7513921697163592
0.0000 0.0873 0.1700 0.2573 0.9232 0.7577220172721005
0.0000 0.0857 0.1736 0.2594 0.9232 0.7577220172721005
0.0000 0.0851 0.1786 0.2637 0.9832 0.7577220172721005
0.0019 0.0849 0.1809 0.2677 0.9832 0.7577220172721005
0.0000 0.0861 0.1768 0.2630 0.9829 0.7577220172721005
0.0000 0.0856 0.1831 0.2687 0.9829 0.7577220172721005
0.0000 0.0835 0.1880 0.2715 0.9833 0.7577220172721005
0.0265 0.0818 0.1895 0.2978 0.9833 0.7577220172721005
0.0000 0.0828 0.1842 0.2670 0.9828 0.7577220172721005
0.0000 0.0811 0.1894 0.2705 0.9828 0.7577220172721005
0.0018 0.0802 0.1943 0.2763 0.9191 0.7468036077040134
0.0000 0.0806 0.1898 0.2705 0.9191 0.7468036077040134
0.0000 0.0799 0.1929 0.2728 0.9826 0.7468036077040134
0.0000 0.0789 0.1956 0.2745 0.9826 0.7468036077040134
0.0000 0.0782 0.1957 0.2739 0.9826 0.7468036077040134
0.0000 0.0774 0.1935 0.2708 0.9826 0.7468036077040134
0.0000 0.0762 0.1901 0.2663 0.9826 0.7468036077040134
0.0000 0.0754 0.1872 0.2626 0.9826 0.7468036077040134
0.0000 0.0748 0.1847 0.2595 0.9828 0.7468036077040134
0.0000 0.0740 0.1822 0.2562 0.9828 0.7468036077040134
0.0055 0.0731 0.1794 0.2579 0.9182 0.7440649287247706
0.0000 0.0762 0.1769 0.2531 0.9182 0.7440649287247706
0.0000 0.0757 0.1774 0.2531 0.9831 0.7440649287247706
0.0000 0.0758 0.1766 0.2524 0.9831 0.7440649287247706
0.0000 0.0770 0.1741 0.2511 0.9825 0.7440649287247706
0.0000 0.0774 0.1707 0.2481 0.9825 0.7440649287247706
0.0000 0.0766 0.1668 0.2434 0.9827 0.7440649287247706
0.0000 0.0759 0.1633 0.2391 0.9827 0.7440649287247706
0.0000 0.0759 0.1603 0.2361 0.9827 0.7440649287247706
0.0000 0.0759 0.1576 0.2335 0.9827 0.7440649287247706
0.0000 0.0755 0.1550 0.2305 0.9178 0.7519817755722931
0.0000 0.0749 0.1526 0.2275 0.9178 0.7519817755722931
0.0000 0.0744 0.1504 0.2249 0.9834 0.7519817755722931
0.0000 0.0743 0.1483 0.2226 0.9834 0.7519817755722931
0.0000 0.0744 0.1460 0.2204 0.9837 0.7519817755722931
0.0000 0.0746 0.1435 0.2181 0.9837 0.7519817755722931
0.0000 0.0748 0.1411 0.2159 0.9838 0.7519817755722931
0.0000 0.0750 0.1387 0.2137 0.9838 0.7519817755722931
0.0000 0.0750 0.1366 0.2116 0.9839 0.7519817755722931
0.0000 0.0748 0.1348 0.2096 0.9839 0.7519817755722931
0.0000 0.0747 0.1331 0.2078 0.9206 0.7577876590024548
0.0000 0.0746 0.1315 0.2061 0.9206 0.7577876590024548
0.0000 0.0745 0.1299 0.2044 0.9841 0.7577876590024548
0.0000 0.0744 0.1284 0.2028 0.9841 0.7577876590024548
0.0000 0.0744 0.1269 0.2013 0.9842 0.7577876590024548
0.0000 0.0742 0.1256 0.1998 0.9842 0.7577876590024548
0.0000 0.0740 0.1243 0.1983 0.9844 0.7577876590024548
0.0000 0.0737 0.1231 0.1968 0.9844 0.7577876590024548
0.0000 0.0734 0.1220 0.1954 0.9845 0.7577876590024548
0.0000 0.0732 0.1209 0.1941 0.9845 0.7577876590024548
0.0000 0.0730 0.1197 0.1927 0.9201 0.7493644481644268
0.0000 0.0728 0.1185 0.1913 0.9201 0.7493644481644268
0.0000 0.0726 0.1174 0.1900 0.9847 0.7493644481644268
0.0000 0.0723 0.1164 0.1887 0.9847 0.7493644481644268
0.0000 0.0720 0.1155 0.1875 0.9849 0.7493644481644268
0.0000 0.0717 0.1146 0.1863 0.9849 0.7493644481644268
0.0000 0.0715 0.1137 0.1852 0.9851 0.7493644481644268
0.0000 0.0713 0.1127 0.1840 0.9851 0.7493644481644268
0.0000 0.0711 0.1118 0.1829 0.9853 0.7493644481644268
0.0000 0.0710 0.1108 0.1818 0.9853 0.7493644481644268
0.0000 0.0707 0.1100 0.1807 0.9217 0.7500177745202831
0.0000 0.0704 0.1092 0.1796 0.9217 0.7500177745202831
0.0000 0.0700 0.1085 0.1786 0.9855 0.7500177745202831
0.0000 0.0697 0.1078 0.1775 0.9855 0.7500177745202831
0.0000 0.0695 0.1070 0.1765 0.9856 0.7500177745202831
0.0000 0.0693 0.1062 0.1755 0.9856 0.7500177745202831
0.0000 0.0691 0.1055 0.1746 0.9857 0.7500177745202831
0.0000 0.0689 0.1047 0.1736 0.9857 0.7500177745202831
0.0000 0.0686 0.1041 0.1727 0.9858 0.7500177745202831
0.0000 0.0683 0.1035 0.1718 0.9858 0.7500177745202831
0.0000 0.0681 0.1028 0.1709 0.9231 0.7513347065218317
0.0000 0.0678 0.1021 0.1700 0.9231 0.7513347065218317
0.0000 0.0677 0.1014 0.1691 0.9860 0.7513347065218317
0.0000 0.0675 0.1007 0.1682 0.9860 0.7513347065218317
0.0000 0.0673 0.1001 0.1674 0.9861 0.7513347065218317
0.0000 0.0670 0.0995 0.1665 0.9861 0.7513347065218317
0.0007 0.0668 0.0989 0.1664 0.9862 0.7513347065218317
0.0000 0.0694 0.1043 0.1737 0.9862 0.7513347065218317
0.0059 0.0728 0.1155 0.1942 0.9845 0.7513347065218317
0.0000 0.0683 0.1138 0.1821 0.9845 0.7513347065218317
0.0000 0.0700 0.1264 0.1964 0.9221 0.7605294057353436
0.0114 0.0704 0.1328 0.2147 0.9221 0.7605294057353436
0.0000 0.0697 0.1266 0.1963 0.9833 0.7605294057353436
0.0000 0.0699 0.1372 0.2071 0.9833 0.7605294057353436
0.0380 0.0690 0.1481 0.2551 0.9835 0.7605294057353436
0.0000 0.0724 0.1389 0.2112 0.9835 0.7605294057353436
0.0000 0.0704 0.1437 0.2141 0.9831 0.7605294057353436
0.0318 0.0701 0.1519 0.2538 0.9831 0.7605294057353436
0.0000 0.0749 0.1473 0.2222 0.9823 0.7605294057353436
0.0000 0.0750 0.1503 0.2253 0.9823 0.7605294057353436
0.0092 0.0730 0.1566 0.2388 0.9152 0.7353296135479471
0.0000 0.0773 0.1525 0.2298 0.9152 0.7353296135479471
0.0000 0.0755 0.1534 0.2289 0.9823 0.7353296135479471
0.0078 0.0725 0.1561 0.2364 0.9823 0.7353296135479471
0.0000 0.0767 0.1484 0.2251 0.9817 0.7353296135479471
0.0000 0.0744 0.1498 0.2243 0.9817 0.7353296135479471
0.0000 0.0714 0.1546 0.2260 0.9831 0.7353296135479471
0.0138 0.0704 0.1575 0.2417 0.9831 0.7353296135479471
0.0000 0.0751 0.1476 0.2227 0.9820 0.7353296135479471
0.0000 0.0738 0.1540 0.2278 0.9820 0.7353296135479471
0.0134 0.0710 0.1618 0.2462 0.9134 0.7314609292479577
0.0000 0.0744 0.1488 0.2232 0.9134 0.7314609292479577
0.0000 0.0725 0.1500 0.2225 0.9819 0.7314609292479577
0.0000 0.0721 0.1535 0.2256 0.9819 0.7314609292479577
0.0047 0.0722 0.1549 0.2319 0.9822 0.7314609292479577
0.0000 0.0746 0.1449 0.2195 0.9822 0.7314609292479577
0.0000 0.0745 0.1465 0.2210 0.9810 0.7314609292479577
0.0000 0.0721 0.1523 0.2244 0.9810 0.7314609292479577
0.0483 0.0701 0.1564 0.2748 0.9819 0.7314609292479577
0.0000 0.0758 0.1430 0.2188 0.9819 0.7314609292479577
0.0000 0.0745 0.1442 0.2187 0.9120 0.7352525726879284
0.0000 0.0737 0.1488 0.2225 0.9120 0.7352525726879284
0.0189 0.0741 0.1505 0.2435 0.9809 0.7352525726879284
0.0000 0.0765 0.1379 0.2144 0.9809 0.7352525726879284
0.0000 0.0762 0.1347 0.2109 0.9786 0.7352525726879284
0.0000 0.0749 0.1348 0.2096 0.9786 0.7352525726879284
0.0000 0.0734 0.1355 0.2089 0.9803 0.7352525726879284
0.0000 0.0726 0.1354 0.2080 0.9803 0.7352525726879284
0.0106 0.0724 0.1339 0.2170 0.9811 0.7352525726879284
0.0000 0.0759 0.1257 0.2016 0.9811 0.7352525726879284
0.0000 0.0762 0.1255 0.2017 0.9032 0.7043375430822217
0.0000 0.0758 0.1266 0.2025 0.9032 0.7043375430822217
0.0000 0.0757 0.1267 0.2024 0.9801 0.7043375430822217
0.0004 0.0760 0.1251 0.2015 0.9801 0.7043375430822217
0.0000 0.0775 0.1181 0.1956 0.9786 0.7043375430822217
0.0000 0.0775 0.1177 0.1952 0.9786 0.7043375430822217
0.0000 0.0777 0.1187 0.1965 0.9804 0.7043375430822217
0.0000 0.0781 0.1190 0.1971 0.9804 0.7043375430822217
0.0044 0.0783 0.1175 0.2002 0.9810 0.7043375430822217
0.0000 0.0804 0.1101 0.1905 0.9810 0.7043375430822217
0.0000 0.0808 0.1092 0.1899 0.8967 0.6693058550127211
0.0000 0.0808 0.1094 0.1902 0.8967 0.6693058550127211
0.0000 0.0806 0.1095 0.1901 0.9795 0.6693058550127211
0.0000 0.0803 0.1085 0.1888 0.9795 0.6693058550127211
0.0000 0.0798 0.1065 0.1863 0.9806 0.6693058550127211
0.0000 0.0794 0.1038 0.1832 0.9806 0.6693058550127211
0.0000 0.0791 0.1011 0.1801 0.9809 0.6693058550127211
0.0000 0.0788 0.0987 0.1775 0.9809 0.6693058550127211
0.0000 0.0787 0.0966 0.1754 0.9809 0.6693058550127211
0.0000 0.0788 0.0947 0.1735 0.9809 0.6693058550127211
0.0000 0.0788 0.0930 0.1718 0.9105 0.7364500199224604
0.0000 0.0788 0.0914 0.1702 0.9105 0.7364500199224604
0.0000 0.0787 0.0899 0.1686 0.9811 0.7364500199224604
0.0000 0.0786 0.0885 0.1671 0.9811 0.7364500199224604
0.0007 0.0785 0.0871 0.1663 0.9812 0.7364500199224604
0.0000 0.0823 0.0848 0.1672 0.9812 0.7364500199224604
0.0000 0.0822 0.0848 0.1671 0.9792 0.7364500199224604
0.0000 0.0832 0.0855 0.1687 0.9792 0.7364500199224604
0.0000 0.0844 0.0862 0.1706 0.9803 0.7364500199224604
0.0000 0.0848 0.0862 0.1710 0.9803 0.7364500199224604
0.0000 0.0842 0.0852 0.1694 0.9015 0.7107994163757911
0.0000 0.0828 0.0837 0.1665 0.9015 0.7107994163757911
0.0000 0.0815 0.0820 0.1635 0.9795 0.7107994163757911
0.0000 0.0804 0.0805 0.1609 0.9795 0.7107994163757911
0.0000 0.0794 0.0793 0.1587 0.9798 0.7107994163757911
0.0000 0.0785 0.0784 0.1569 0.9798 0.7107994163757911
0.0108 0.0775 0.0777 0.1660 0.9809 0.7107994163757911
0.0000 0.0817 0.0755 0.1571 0.9809 0.7107994163757911
0.0000 0.0801 0.0770 0.1571 0.9790 0.7107994163757911
0.0079 0.0793 0.0801 0.1673 0.9790 0.7107994163757911
0.0000 0.0812 0.0756 0.1567 0.8900 0.6735224223538645
0.0000 0.0815 0.0753 0.1568 0.8900 0.6735224223538645
0.0000 0.0820 0.0764 0.1585 0.9791 0.6735224223538645
0.0000 0.0823 0.0775 0.1598 0.9791 0.6735224223538645
0.0000 0.0819 0.0776 0.1595 0.9805 0.6735224223538645
0.0000 0.0808 0.0762 0.1571 0.9805 0.6735224223538645
0.0000 0.0819 0.0717 0.1535 0.9776 0.6735224223538645
0.0000 0.0812 0.0721 0.1533 0.9776 0.6735224223538645
0.0000 0.0804 0.0735 0.1539 0.9791 0.6735224223538645
0.0000 0.0795 0.0750 0.1545 0.9791 0.6735224223538645
0.0263 0.0786 0.0755 0.1803 0.8809 0.6219627259496814
0.0000 0.0817 0.0705 0.1522 0.8809 0.6219627259496814
0.0000 0.0811 0.0711 0.1522 0.9776 0.6219627259496814
0.0000 0.0810 0.0733 0.1543 0.9776 0.6219627259496814
0.0000 0.0812 0.0754 0.1565 0.9798 0.6219627259496814
0.0022 0.0811 0.0759 0.1593 0.9798 0.6219627259496814
0.0000 0.0817 0.0707 0.1524 0.9775 0.6219627259496814
0.0000 0.0808 0.0712 0.1520 0.9775 0.6219627259496814
0.0000 0.0797 0.0738 0.1535 0.9793 0.6219627259496814
0.0000 0.0786 0.0758 0.1544 0.9793 0.6219627259496814
0.0239 0.0777 0.0761 0.1777 0.8916 0.6513850365652123
0.0000 0.0803 0.0695 0.1498 0.8916 0.6513850365652123
0.0000 0.0789 0.0696 0.1485 0.9792 0.6513850365652123
0.0000 0.0777 0.0718 0.1494 0.9792 0.6513850365652123
0.0228 0.0774 0.0740 0.1742 0.9810 0.6513850365652123
0.0000 0.0797 0.0696 0.1493 0.9810 0.6513850365652123
0.0000 0.0797 0.0705 0.1502 0.9794 0.6513850365652123
0.0000 0.0797 0.0727 0.1524 0.9794 0.6513850365652123
0.0081 0.0799 0.0745 0.1626 0.9802 0.6513850365652123
0.0000 0.0806 0.0693 0.1499 0.9802 0.6513850365652123
0.0000 0.0800 0.0680 0.1480 0.9047 0.7139020397936359
0.0000 0.0793 0.0681 0.1474 0.9047 0.7139020397936359
0.0000 0.0788 0.0692 0.1481 0.9807 0.7139020397936359
0.0198 0.0786 0.0704 0.1689 0.9807 0.7139020397936359
0.0000 0.0807 0.0657 0.1464 0.9790 0.7139020397936359
0.0000 0.0805 0.0654 0.1459 0.9790 0.7139020397936359
0.0000 0.0806 0.0665 0.1471 0.9804 0.7139020397936359
0.0000 0.0809 0.0679 0.1488 0.9804 0.7139020397936359
0.0004 0.0810 0.0683 0.1498 0.9808 0.7139020397936359
0.0000 0.0819 0.0632 0.1451 0.9808 0.7139020397936359
0.0000 0.0815 0.0625 0.1439 0.9016 0.6968461861177123
0.0000 0.0805 0.0627 0.1432 0.9016 0.6968461861177123
0.0000 0.0797 0.0637 0.1434 0.9804 0.6968461861177123
0.0033 0.0791 0.0648 0.1472 0.9804 0.6968461861177123
0.0000 0.0819 0.0611 0.1431 0.9778 0.6968461861177123
0.0000 0.0809 0.0611 0.1420 0.9778 0.6968461861177123
0.0052 0.0794 0.0621 0.1466 0.9805 0.6968461861177123
0.0000 0.0822 0.0593 0.1414 0.9805 0.6968461861177123
0.0000 0.0824 0.0595 0.1419 0.9788 0.6968461861177123
0.0000 0.0828 0.0601 0.1429 0.9788 0.6968461861177123
0.0000 0.0832 0.0610 0.1443 0.9079 0.731377180510695
0.0000 0.0833 0.0615 0.1448 0.9079 0.731377180510695
0.0000 0.0828 0.0610 0.1438 0.9805 0.731377180510695
0.0000 0.0817 0.0601 0.1418 0.9805 0.731377180510695
0.0000 0.0807 0.0590 0.1397 0.9803 0.731377180510695
0.0000 0.0799 0.0581 0.1380 0.9803 0.731377180510695
0.0000 0.0794 0.0573 0.1367 0.9800 0.731377180510695
0.0000 0.0789 0.0567 0.1356 0.9800 0.731377180510695
0.0112 0.0783 0.0561 0.1457 0.9803 0.731377180510695
0.0000 0.0824 0.0539 0.1363 0.9803 0.731377180510695
0.0000 0.0818 0.0538 0.1356 0.9077 0.7309004372411975
0.0000 0.0824 0.0544 0.1367 0.9077 0.7309004372411975
0.0060 0.0835 0.0551 0.1446 0.9812 0.7309004372411975
0.0000 0.0846 0.0530 0.1376 0.9812 0.7309004372411975
0.0000 0.0834 0.0537 0.1372 0.9782 0.7309004372411975
0.0000 0.0818 0.0548 0.1366 0.9782 0.7309004372411975
0.0000 0.0802 0.0560 0.1362 0.9798 0.7309004372411975
0.0133 0.0787 0.0570 0.1491 0.9798 0.7309004372411975
0.0000 0.0818 0.0542 0.1360 0.9761 0.7309004372411975
0.0000 0.0820 0.0536 0.1356 0.9761 0.7309004372411975
0.0000 0.0821 0.0529 0.1350 0.8861 0.6468999956736621
0.0000 0.0821 0.0520 0.1341 0.8861 0.6468999956736621
0.0000 0.0821 0.0511 0.1332 0.9789 0.6468999956736621
0.0237 0.0821 0.0506 0.1565 0.9789 0.6468999956736621
0.0000 0.0842 0.0481 0.1323 0.9770 0.6468999956736621
0.0000 0.0832 0.0488 0.1319 0.9770 0.6468999956736621
0.0000 0.0820 0.0507 0.1327 0.9798 0.6468999956736621
0.0098 0.0807 0.0530 0.1435 0.9798 0.6468999956736621
0.0000 0.0810 0.0518 0.1328 0.9782 0.6468999956736621
0.0000 0.0796 0.0530 0.1325 0.9782 0.6468999956736621
0.0000 0.0783 0.0540 0.1323 0.9082 0.7358889322016893
0.0000 0.0770 0.0551 0.1322 0.9082 0.7358889322016893
0.0161 0.0763 0.0559 0.1483 0.9808 0.7358889322016893
0.0000 0.0801 0.0525 0.1326 0.9808 0.7358889322016893
0.0000 0.0809 0.0509 0.1319 0.9748 0.7358889322016893
0.0000 0.0816 0.0491 0.1307 0.9748 0.7358889322016893
0.0000 0.0828 0.0470 0.1298 0.9757 0.7358889322016893
0.0000 0.0844 0.0452 0.1295 0.9757 0.7358889322016893
0.0000 0.0857 0.0440 0.1297 0.9784 0.7358889322016893
0.0000 0.0857 0.0439 0.1296 0.9784 0.7358889322016893
0.0111 0.0836 0.0450 0.1396 0.8794 0.6345499547027876
0.0000 0.0825 0.0453 0.1278 0.8794 0.6345499547027876
0.0000 0.0809 0.0479 0.1289 0.9762 0.6345499547027876
0.0000 0.0800 0.0506 0.1306 0.9762 0.6345499547027876
0.0017 0.0796 0.0528 0.1341 0.9782 0.6345499547027876
0.0000 0.0795 0.0516 0.1311 0.9782 0.6345499547027876
0.0000 0.0791 0.0512 0.1303 0.9787 0.6345499547027876
0.0000 0.0784 0.0508 0.1291 0.9787 0.6345499547027876
0.0114 0.0779 0.0503 0.1396 0.9804 0.6345499547027876
0.0000 0.0799 0.0467 0.1266 0.9804 0.6345499547027876
0.0000 0.0804 0.0455 0.1259 0.8900 0.6674877398519456
0.0000 0.0806 0.0446 0.1252 0.8900 0.6674877398519456
0.0000 0.0806 0.0438 0.1245 0.9790 0.6674877398519456
0.0217 0.0805 0.0439 0.1460 0.9790 0.6674877398519456
0.0000 0.0831 0.0423 0.1255 0.9759 0.6674877398519456
0.0000 0.0817 0.0434 0.1251 0.9759 0.6674877398519456
0.0000 0.0805 0.0449 0.1254 0.9789 0.6674877398519456
0.0000 0.0797 0.0467 0.1264 0.9789 0.6674877398519456
0.0180 0.0786 0.0487 0.1453 0.9799 0.6674877398519456
0.0000 0.0808 0.0473 0.1281 0.9799 0.6674877398519456
0.0000 0.0806 0.0481 0.1287 0.8852 0.6666418053795524
0.0000 0.0799 0.0479 0.1279 0.8852 0.6666418053795524
0.0000 0.0792 0.0469 0.1260 0.9777 0.6666418053795524
0.0000 0.0789 0.0453 0.1242 0.9777 0.6666418053795524
0.0006 0.0792 0.0438 0.1237 0.9800 0.6666418053795524
0.0000 0.0832 0.0405 0.1237 0.9800 0.6666418053795524
0.0000 0.0832 0.0402 0.1234 0.9750 0.6666418053795524
0.0000 0.0823 0.0407 0.1230 0.9750 0.6666418053795524
0.0000 0.0807 0.0418 0.1225 0.9774 0.6666418053795524
0.0039 0.0785 0.0435 0.1259 0.9774 0.6666418053795524
0.0000 0.0815 0.0425 0.1240 0.8797 0.6388759689045599
0.0000 0.0807 0.0430 0.1237 0.8797 0.6388759689045599
0.0000 0.0801 0.0430 0.1231 0.9778 0.6388759689045599
0.0000 0.0800 0.0428 0.1227 0.9778 0.6388759689045599
0.0055 0.0799 0.0428 0.1281 0.9802 0.6388759689045599
0.0000 0.0822 0.0413 0.1234 0.9802 0.6388759689045599
0.0000 0.0813 0.0419 0.1233 0.9773 0.6388759689045599
0.0000 0.0804 0.0425 0.1229 0.9773 0.6388759689045599
0.0129 0.0794 0.0432 0.1355 0.9796 0.6388759689045599
0.0000 0.0815 0.0423 0.1238 0.9796 0.6388759689045599
0.0000 0.0815 0.0421 0.1236 0.8684 0.616824035584963
0.0000 0.0817 0.0409 0.1226 0.8684 0.616824035584963
0.0000 0.0822 0.0393 0.1215 0.9762 0.616824035584963
0.0000 0.0827 0.0383 0.1210 0.9762 0.616824035584963
0.0080 0.0820 0.0390 0.1290 0.9800 0.616824035584963
0.0000 0.0835 0.0389 0.1224 0.9800 0.616824035584963
0.0000 0.0819 0.0408 0.1226 0.9741 0.616824035584963
0.0000 0.0811 0.0418 0.1229 0.9741 0.616824035584963
0.0000 0.0809 0.0419 0.1228 0.9765 0.616824035584963
0.0098 0.0812 0.0416 0.1326 0.9765 0.616824035584963
0.0000 0.0826 0.0402 0.1228 0.8626 0.6213446315676797
0.0000 0.0823 0.0398 0.1221 0.8626 0.6213446315676797
0.0000 0.0825 0.0391 0.1216 0.9736 0.6213446315676797
0.0000 0.0826 0.0380 0.1206 0.9736 0.6213446315676797
0.0000 0.0817 0.0380 0.1197 0.9780 0.6213446315676797
0.0189 0.0791 0.0395 0.1374 0.9780 0.6213446315676797
0.0000 0.0806 0.0403 0.1209 0.9730 0.6213446315676797
0.0000 0.0790 0.0424 0.1213 0.9730 0.6213446315676797
0.0000 0.0778 0.0434 0.1211 0.9771 0.6213446315676797
0.0225 0.0777 0.0433 0.1436 0.9771 0.6213446315676797
