1.1603 0.6846 5.9602 7.8051 0.2064 0.02668916689356294
1.2510 0.6710 4.5616 6.4835 0.2064 0.02668916689356294
1.3293 0.6618 3.6257 5.6168 0.9075 0.02668916689356294
1.3642 0.6564 2.9997 5.0204 0.9075 0.02668916689356294
1.3626 0.6538 2.5498 4.5661 0.8008 0.02668916689356294
1.3369 0.6535 2.2072 4.1976 0.8008 0.02668916689356294
1.2868 0.6554 1.9443 3.8865 0.6969 0.02668916689356294
1.2050 0.6590 1.7449 3.6089 0.6969 0.02668916689356294
1.0875 0.6633 1.6039 3.3548 0.6254 0.02668916689356294
0.9533 0.6676 1.5148 3.1357 0.6254 0.02668916689356294
0.8262 0.6709 1.4551 2.9522 0.1992 0.026538644181746777
0.7186 0.6725 1.3983 2.7894 0.1992 0.026538644181746777
0.6347 0.6718 1.3331 2.6396 0.8861 0.026538644181746777
0.5733 0.6688 1.2637 2.5057 0.8861 0.026538644181746777
0.5355 0.6635 1.2013 2.4002 0.9205 0.026538644181746777
0.5118 0.6563 1.1511 2.3192 0.9205 0.026538644181746777
0.4916 0.6473 1.1126 2.2515 0.9395 0.026538644181746777
0.4697 0.6366 1.0825 2.1888 0.9395 0.026538644181746777
0.4437 0.6243 1.0569 2.1250 0.9604 0.026538644181746777
0.4171 0.6106 1.0332 2.0609 0.9604 0.026538644181746777
0.3918 0.5950 1.0095 1.9962 0.7639 0.0933735035998964
0.3670 0.5774 0.9848 1.9292 0.7639 0.0933735035998964
0.3410 0.5581 0.9586 1.8577 0.9791 0.0933735035998964
0.3125 0.5377 0.9319 1.7822 0.9791 0.0933735035998964
0.2834 0.5168 0.9050 1.7051 0.9834 0.0933735035998964
0.2541 0.4957 0.8780 1.6279 0.9834 0.0933735035998964
0.2240 0.4746 0.8520 1.5506 0.9855 0.0933735035998964
0.1927 0.4533 0.8280 1.4740 0.9855 0.0933735035998964
0.1604 0.4321 0.8067 1.3992 0.9875 0.0933735035998964
0.1258 0.4117 0.7880 1.3254 0.9875 0.0933735035998964
0.0868 0.3926 0.7717 1.2511 0.8905 0.4330010281044114
0.0398 0.3747 0.7572 1.1717 0.8905 0.4330010281044114
0.0000 0.3590 0.7453 1.1043 0.9890 0.4330010281044114
0.0527 0.3427 0.7239 1.1193 0.9890 0.4330010281044114
0.0000 0.3243 0.7089 1.0333 0.9877 0.4330010281044114
0.0249 0.3061 0.6903 1.0213 0.9877 0.4330010281044114
0.0000 0.2881 0.6761 0.9642 0.9878 0.4330010281044114
0.0233 0.2708 0.6594 0.9535 0.9878 0.4330010281044114
0.0000 0.2583 0.6481 0.9064 0.9885 0.4330010281044114
0.0033 0.2461 0.6337 0.8830 0.9885 0.4330010281044114
0.0000 0.2379 0.6225 0.8604 0.8985 0.5764770613499591
0.0000 0.2295 0.6086 0.8381 0.8985 0.5764770613499591
0.0373 0.2201 0.5926 0.8500 0.9896 0.5764770613499591
0.0000 0.2107 0.5821 0.7929 0.9896 0.5764770613499591
0.0000 0.2020 0.5722 0.7742 0.9890 0.5764770613499591
0.0554 0.1936 0.5611 0.8101 0.9890 0.5764770613499591
0.0000 0.1884 0.5522 0.7406 0.9889 0.5764770613499591
0.0000 0.1833 0.5435 0.7269 0.9889 0.5764770613499591
0.0323 0.1784 0.5328 0.7435 0.9894 0.5764770613499591
0.0000 0.1756 0.5247 0.7003 0.9894 0.5764770613499591
0.0000 0.1730 0.5157 0.6888 0.9017 0.6172073368749228
0.0000 0.1701 0.5043 0.6744 0.9017 0.6172073368749228
0.0325 0.1667 0.4911 0.6904 0.9899 0.6172073368749228
0.0000 0.1644 0.4805 0.6449 0.9899 0.6172073368749228
0.0000 0.1624 0.4729 0.6353 0.9897 0.6172073368749228
0.0324 0.1603 0.4653 0.6581 0.9897 0.6172073368749228
0.0000 0.1594 0.4591 0.6185 0.9897 0.6172073368749228
0.0000 0.1585 0.4566 0.6151 0.9897 0.6172073368749228
0.0082 0.1572 0.4529 0.6184 0.9899 0.6172073368749228
0.0000 0.1542 0.4475 0.6017 0.9899 0.6172073368749228
0.0000 0.1518 0.4422 0.5940 0.9091 0.6697029041497825
0.0000 0.1495 0.4347 0.5842 0.9091 0.6697029041497825
0.0213 0.1474 0.4257 0.5944 0.9906 0.6697029041497825
0.0000 0.1470 0.4163 0.5634 0.9906 0.6697029041497825
0.0000 0.1472 0.4094 0.5566 0.9903 0.6697029041497825
0.0192 0.1471 0.4027 0.5689 0.9903 0.6697029041497825
0.0000 0.1450 0.3949 0.5398 0.9904 0.6697029041497825
0.0000 0.1439 0.3921 0.5361 0.9904 0.6697029041497825
0.0226 0.1430 0.3898 0.5554 0.9906 0.6697029041497825
0.0000 0.1421 0.3845 0.5266 0.9906 0.6697029041497825
0.0000 0.1415 0.3815 0.5230 0.9145 0.7068059164257247
0.0000 0.1411 0.3774 0.5185 0.9145 0.7068059164257247
0.0278 0.1405 0.3717 0.5400 0.9908 0.7068059164257247
0.0000 0.1397 0.3642 0.5039 0.9908 0.7068059164257247
0.0000 0.1396 0.3598 0.4994 0.9909 0.7068059164257247
0.0011 0.1397 0.3554 0.4962 0.9909 0.7068059164257247
0.0000 0.1388 0.3483 0.4871 0.9909 0.7068059164257247
0.0000 0.1386 0.3449 0.4835 0.9909 0.7068059164257247
0.0000 0.1385 0.3420 0.4805 0.9910 0.7068059164257247
0.0421 0.1383 0.3385 0.5190 0.9910 0.7068059164257247
0.0000 0.1373 0.3327 0.4700 0.9176 0.7199837619957287
0.0000 0.1368 0.3338 0.4706 0.9176 0.7199837619957287
0.0123 0.1366 0.3356 0.4844 0.9909 0.7199837619957287
0.0000 0.1355 0.3321 0.4677 0.9909 0.7199837619957287
0.0000 0.1351 0.3324 0.4675 0.9910 0.7199837619957287
0.0000 0.1350 0.3318 0.4667 0.9910 0.7199837619957287
0.0000 0.1349 0.3290 0.4639 0.9911 0.7199837619957287
0.0160 0.1346 0.3242 0.4747 0.9911 0.7199837619957287
0.0000 0.1336 0.3157 0.4493 0.9914 0.7199837619957287
0.0000 0.1335 0.3108 0.4443 0.9914 0.7199837619957287
0.0000 0.1336 0.3072 0.4408 0.9177 0.725219155584117
0.0048 0.1339 0.3039 0.4427 0.9177 0.725219155584117
0.0000 0.1337 0.2970 0.4307 0.9911 0.725219155584117
0.0000 0.1339 0.2949 0.4288 0.9911 0.725219155584117
0.0000 0.1345 0.2940 0.4285 0.9909 0.725219155584117
0.0000 0.1348 0.2923 0.4271 0.9909 0.725219155584117
0.0033 0.1345 0.2889 0.4267 0.9909 0.725219155584117
0.0000 0.1327 0.2840 0.4167 0.9909 0.725219155584117
0.0000 0.1320 0.2855 0.4175 0.9913 0.725219155584117
0.0000 0.1316 0.2873 0.4189 0.9913 0.725219155584117
0.0000 0.1313 0.2869 0.4183 0.9204 0.7412861572468052
0.0204 0.1311 0.2844 0.4359 0.9204 0.7412861572468052
0.0000 0.1301 0.2780 0.4081 0.9916 0.7412861572468052
0.0000 0.1295 0.2786 0.4080 0.9916 0.7412861572468052
0.0000 0.1293 0.2800 0.4093 0.9913 0.7412861572468052
0.0000 0.1294 0.2802 0.4095 0.9913 0.7412861572468052
0.0127 0.1295 0.2781 0.4203 0.9911 0.7412861572468052
0.0000 0.1289 0.2712 0.4001 0.9911 0.7412861572468052
0.0000 0.1288 0.2696 0.3983 0.9911 0.7412861572468052
0.0000 0.1287 0.2685 0.3972 0.9911 0.7412861572468052
0.0000 0.1289 0.2660 0.3949 0.9212 0.7416176292464368
0.0000 0.1291 0.2623 0.3914 0.9212 0.7416176292464368
0.0092 0.1293 0.2580 0.3966 0.9915 0.7416176292464368
0.0000 0.1282 0.2529 0.3811 0.9915 0.7416176292464368
0.0000 0.1273 0.2557 0.3831 0.9914 0.7416176292464368
0.0000 0.1272 0.2588 0.3860 0.9914 0.7416176292464368
0.0000 0.1272 0.2594 0.3866 0.9910 0.7416176292464368
0.0156 0.1269 0.2579 0.4004 0.9910 0.7416176292464368
0.0000 0.1253 0.2520 0.3774 0.9912 0.7416176292464368
0.0000 0.1247 0.2533 0.3780 0.9912 0.7416176292464368
0.0000 0.1242 0.2552 0.3795 0.9199 0.7373559532499188
0.0000 0.1240 0.2558 0.3799 0.9199 0.7373559532499188
0.0086 0.1240 0.2545 0.3870 0.9911 0.7373559532499188
0.0000 0.1228 0.2480 0.3708 0.9911 0.7373559532499188
0.0000 0.1219 0.2477 0.3696 0.9912 0.7373559532499188
0.0000 0.1215 0.2482 0.3697 0.9912 0.7373559532499188
0.0000 0.1215 0.2479 0.3694 0.9911 0.7373559532499188
0.0000 0.1215 0.2460 0.3675 0.9911 0.7373559532499188
0.0000 0.1213 0.2424 0.3637 0.9913 0.7373559532499188
0.0000 0.1211 0.2380 0.3591 0.9913 0.7373559532499188
0.0036 0.1212 0.2334 0.3582 0.9184 0.7313185584589109
0.0000 0.1214 0.2279 0.3493 0.9184 0.7313185584589109
0.0000 0.1210 0.2264 0.3474 0.9920 0.7313185584589109
0.0000 0.1207 0.2256 0.3463 0.9920 0.7313185584589109
0.0000 0.1208 0.2242 0.3451 0.9917 0.7313185584589109
0.0000 0.1211 0.2218 0.3430 0.9917 0.7313185584589109
0.0000 0.1212 0.2186 0.3398 0.9910 0.7313185584589109
0.0000 0.1209 0.2150 0.3359 0.9910 0.7313185584589109
0.0000 0.1205 0.2115 0.3320 0.9915 0.7313185584589109
0.0000 0.1201 0.2083 0.3284 0.9915 0.7313185584589109
0.0000 0.1198 0.2052 0.3250 0.9180 0.7376169967374708
0.0000 0.1194 0.2022 0.3216 0.9180 0.7376169967374708
0.0000 0.1189 0.1993 0.3182 0.9918 0.7376169967374708
0.0004 0.1184 0.1967 0.3155 0.9918 0.7376169967374708
0.0000 0.1181 0.1946 0.3127 0.9919 0.7376169967374708
0.0000 0.1178 0.1948 0.3126 0.9919 0.7376169967374708
0.0000 0.1182 0.1954 0.3135 0.9916 0.7376169967374708
0.0000 0.1182 0.1949 0.3131 0.9916 0.7376169967374708
0.0000 0.1173 0.1931 0.3103 0.9912 0.7376169967374708
0.0000 0.1161 0.1908 0.3069 0.9912 0.7376169967374708
0.0000 0.1153 0.1885 0.3039 0.9195 0.7349655837560228
0.0000 0.1150 0.1865 0.3015 0.9195 0.7349655837560228
0.0000 0.1146 0.1846 0.2992 0.9916 0.7349655837560228
0.0000 0.1140 0.1826 0.2966 0.9916 0.7349655837560228
0.0000 0.1131 0.1807 0.2938 0.9918 0.7349655837560228
0.0000 0.1122 0.1790 0.2912 0.9918 0.7349655837560228
0.0000 0.1113 0.1775 0.2888 0.9919 0.7349655837560228
0.0011 0.1105 0.1761 0.2876 0.9919 0.7349655837560228
0.0000 0.1104 0.1747 0.2852 0.9921 0.7349655837560228
0.0000 0.1103 0.1763 0.2866 0.9921 0.7349655837560228
0.0000 0.1103 0.1779 0.2882 0.9252 0.7549980626344113
0.0000 0.1097 0.1782 0.2879 0.9252 0.7549980626344113
0.0000 0.1082 0.1774 0.2856 0.9916 0.7549980626344113
0.0000 0.1065 0.1761 0.2826 0.9916 0.7549980626344113
0.0000 0.1051 0.1747 0.2798 0.9917 0.7549980626344113
0.0000 0.1040 0.1734 0.2774 0.9917 0.7549980626344113
0.0000 0.1029 0.1723 0.2751 0.9917 0.7549980626344113
0.0056 0.1016 0.1713 0.2785 0.9917 0.7549980626344113
0.0000 0.1006 0.1698 0.2704 0.9921 0.7549980626344113
0.0000 0.1004 0.1706 0.2710 0.9921 0.7549980626344113
0.0000 0.1008 0.1712 0.2720 0.9255 0.7604520331200886
0.0000 0.0998 0.1704 0.2703 0.9255 0.7604520331200886
0.0000 0.0977 0.1689 0.2666 0.9923 0.7604520331200886
0.0000 0.0962 0.1673 0.2636 0.9923 0.7604520331200886
0.0000 0.0955 0.1659 0.2615 0.9921 0.7604520331200886
0.0000 0.0947 0.1645 0.2592 0.9921 0.7604520331200886
0.0000 0.0934 0.1631 0.2565 0.9921 0.7604520331200886
0.0000 0.0917 0.1619 0.2536 0.9921 0.7604520331200886
0.0000 0.0903 0.1609 0.2512 0.9922 0.7604520331200886
0.0000 0.0892 0.1600 0.2492 0.9922 0.7604520331200886
0.0082 0.0879 0.1590 0.2550 0.9231 0.7498038228305359
0.0000 0.0883 0.1594 0.2477 0.9231 0.7498038228305359
0.0000 0.0879 0.1656 0.2535 0.9920 0.7498038228305359
0.0000 0.0878 0.1708 0.2586 0.9920 0.7498038228305359
0.0000 0.0858 0.1714 0.2572 0.9918 0.7498038228305359
0.0000 0.0829 0.1703 0.2532 0.9918 0.7498038228305359
0.0000 0.0807 0.1692 0.2499 0.9919 0.7498038228305359
0.0036 0.0794 0.1681 0.2510 0.9919 0.7498038228305359
0.0000 0.0782 0.1659 0.2441 0.9921 0.7498038228305359
0.0000 0.0771 0.1663 0.2434 0.9921 0.7498038228305359
0.0000 0.0768 0.1669 0.2437 0.9227 0.757500653808641
0.0000 0.0762 0.1666 0.2428 0.9227 0.757500653808641
0.0000 0.0750 0.1652 0.2402 0.9924 0.757500653808641
0.0000 0.0739 0.1636 0.2375 0.9924 0.757500653808641
0.0000 0.0731 0.1621 0.2352 0.9924 0.757500653808641
0.0000 0.0722 0.1605 0.2327 0.9924 0.757500653808641
0.0000 0.0710 0.1591 0.2301 0.9924 0.757500653808641
0.0000 0.0698 0.1578 0.2275 0.9924 0.757500653808641
0.0000 0.0687 0.1566 0.2253 0.9925 0.757500653808641
0.0000 0.0677 0.1553 0.2230 0.9925 0.757500653808641
0.0000 0.0667 0.1540 0.2207 0.9221 0.7571886123705056
0.0000 0.0657 0.1527 0.2184 0.9221 0.7571886123705056
0.0000 0.0648 0.1513 0.2161 0.9925 0.7571886123705056
0.0000 0.0640 0.1500 0.2140 0.9925 0.7571886123705056
0.0011 0.0633 0.1486 0.2130 0.9925 0.7571886123705056
0.0000 0.0636 0.1484 0.2120 0.9925 0.7571886123705056
0.0000 0.0637 0.1502 0.2138 0.9925 0.7571886123705056
0.0000 0.0643 0.1510 0.2153 0.9925 0.7571886123705056
0.0000 0.0636 0.1501 0.2137 0.9925 0.7571886123705056
0.0000 0.0621 0.1486 0.2107 0.9925 0.7571886123705056
0.0000 0.0613 0.1471 0.2083 0.9203 0.748034154255072
0.0000 0.0611 0.1455 0.2065 0.9203 0.748034154255072
0.0000 0.0607 0.1439 0.2046 0.9924 0.748034154255072
0.0000 0.0600 0.1424 0.2024 0.9924 0.748034154255072
0.0000 0.0591 0.1414 0.2005 0.9926 0.748034154255072
0.0000 0.0584 0.1404 0.1988 0.9926 0.748034154255072
0.0000 0.0578 0.1393 0.1971 0.9927 0.748034154255072
0.0000 0.0571 0.1383 0.1954 0.9927 0.748034154255072
0.0000 0.0565 0.1371 0.1937 0.9927 0.748034154255072
0.0000 0.0562 0.1359 0.1921 0.9927 0.748034154255072
0.0000 0.0560 0.1345 0.1905 0.9205 0.7505928732823796
0.0000 0.0557 0.1331 0.1888 0.9205 0.7505928732823796
0.0000 0.0554 0.1318 0.1872 0.9928 0.7505928732823796
0.0000 0.0550 0.1307 0.1857 0.9928 0.7505928732823796
0.0000 0.0546 0.1296 0.1842 0.9928 0.7505928732823796
0.0000 0.0542 0.1285 0.1827 0.9928 0.7505928732823796
0.0000 0.0539 0.1274 0.1813 0.9928 0.7505928732823796
0.0000 0.0537 0.1263 0.1800 0.9928 0.7505928732823796
0.0000 0.0535 0.1251 0.1786 0.9929 0.7505928732823796
0.0000 0.0532 0.1240 0.1773 0.9929 0.7505928732823796
0.0020 0.0530 0.1230 0.1780 0.9236 0.7515752459455435
0.0000 0.0534 0.1250 0.1784 0.9236 0.7515752459455435
0.0000 0.0546 0.1295 0.1841 0.9929 0.7515752459455435
0.0000 0.0553 0.1316 0.1869 0.9929 0.7515752459455435
0.0000 0.0533 0.1308 0.1842 0.9927 0.7515752459455435
0.0000 0.0517 0.1298 0.1816 0.9927 0.7515752459455435
0.0000 0.0515 0.1290 0.1805 0.9926 0.7515752459455435
0.0000 0.0514 0.1280 0.1794 0.9926 0.7515752459455435
0.0000 0.0509 0.1270 0.1779 0.9928 0.7515752459455435
0.0000 0.0503 0.1261 0.1764 0.9928 0.7515752459455435
0.0000 0.0502 0.1253 0.1755 0.9217 0.7599521022098626
0.0000 0.0500 0.1243 0.1743 0.9217 0.7599521022098626
0.0000 0.0495 0.1232 0.1727 0.9930 0.7599521022098626
0.0000 0.0494 0.1220 0.1715 0.9930 0.7599521022098626
0.0000 0.0496 0.1208 0.1704 0.9930 0.7599521022098626
0.0000 0.0495 0.1195 0.1690 0.9930 0.7599521022098626
0.0000 0.0494 0.1182 0.1676 0.9931 0.7599521022098626
0.0000 0.0494 0.1170 0.1664 0.9931 0.7599521022098626
0.0000 0.0492 0.1160 0.1652 0.9932 0.7599521022098626
0.0000 0.0490 0.1149 0.1639 0.9932 0.7599521022098626
0.0000 0.0489 0.1138 0.1627 0.9205 0.7474157537227435
0.0000 0.0489 0.1126 0.1615 0.9205 0.7474157537227435
0.0000 0.0488 0.1115 0.1603 0.9933 0.7474157537227435
0.0026 0.0488 0.1103 0.1618 0.9933 0.7474157537227435
0.0000 0.0493 0.1132 0.1625 0.9935 0.7474157537227435
0.0000 0.0508 0.1185 0.1693 0.9935 0.7474157537227435
0.0000 0.0513 0.1199 0.1712 0.9931 0.7474157537227435
0.0000 0.0491 0.1185 0.1676 0.9931 0.7474157537227435
0.0000 0.0480 0.1173 0.1653 0.9932 0.7474157537227435
0.0000 0.0483 0.1164 0.1647 0.9932 0.7474157537227435
0.0000 0.0483 0.1154 0.1637 0.9200 0.7495275762092486
0.0000 0.0478 0.1144 0.1622 0.9200 0.7495275762092486
0.0000 0.0475 0.1134 0.1609 0.9932 0.7495275762092486
0.0044 0.0473 0.1123 0.1640 0.9932 0.7495275762092486
0.0000 0.0477 0.1163 0.1640 0.9930 0.7495275762092486
0.0333 0.0498 0.1298 0.2130 0.9930 0.7495275762092486
0.0000 0.0471 0.1236 0.1707 0.9926 0.7495275762092486
0.0077 0.0478 0.1329 0.1884 0.9926 0.7495275762092486
0.0000 0.0469 0.1287 0.1756 0.9928 0.7495275762092486
0.0000 0.0465 0.1356 0.1821 0.9928 0.7495275762092486
0.0286 0.0469 0.1415 0.2170 0.9159 0.7437972224222867
0.0000 0.0484 0.1375 0.1858 0.9159 0.7437972224222867
0.0053 0.0474 0.1479 0.2007 0.9927 0.7437972224222867
0.0000 0.0497 0.1461 0.1958 0.9927 0.7437972224222867
0.0000 0.0482 0.1509 0.1992 0.9927 0.7437972224222867
0.0146 0.0491 0.1562 0.2198 0.9927 0.7437972224222867
0.0000 0.0500 0.1509 0.2009 0.9924 0.7437972224222867
0.0000 0.0503 0.1555 0.2059 0.9924 0.7437972224222867
0.0000 0.0494 0.1609 0.2103 0.9925 0.7437972224222867
0.0271 0.0489 0.1639 0.2399 0.9925 0.7437972224222867
0.0000 0.0512 0.1563 0.2075 0.9148 0.7351563815818718
0.0000 0.0501 0.1600 0.2101 0.9148 0.7351563815818718
0.0002 0.0483 0.1634 0.2119 0.9923 0.7351563815818718
0.0000 0.0497 0.1568 0.2065 0.9923 0.7351563815818718
0.0000 0.0485 0.1576 0.2061 0.9924 0.7351563815818718
0.0000 0.0478 0.1593 0.2071 0.9924 0.7351563815818718
0.0118 0.0481 0.1592 0.2192 0.9924 0.7351563815818718
0.0000 0.0501 0.1516 0.2018 0.9924 0.7351563815818718
0.0000 0.0497 0.1539 0.2036 0.9921 0.7351563815818718
0.0022 0.0487 0.1577 0.2085 0.9921 0.7351563815818718
0.0000 0.0509 0.1505 0.2015 0.9149 0.737785490837074
0.0000 0.0500 0.1522 0.2022 0.9149 0.737785490837074
0.0000 0.0503 0.1549 0.2052 0.9921 0.737785490837074
0.0047 0.0512 0.1543 0.2101 0.9921 0.737785490837074
0.0000 0.0520 0.1431 0.1950 0.9914 0.737785490837074
0.0000 0.0522 0.1434 0.1956 0.9914 0.737785490837074
0.0000 0.0510 0.1459 0.1969 0.9917 0.737785490837074
0.0000 0.0498 0.1473 0.1970 0.9917 0.737785490837074
0.0000 0.0493 0.1461 0.1954 0.9921 0.737785490837074
0.0060 0.0491 0.1425 0.1976 0.9921 0.737785490837074
0.0000 0.0504 0.1350 0.1854 0.9102 0.7329711818570205
0.0000 0.0495 0.1361 0.1856 0.9102 0.7329711818570205
0.0000 0.0492 0.1383 0.1875 0.9921 0.7329711818570205
0.0000 0.0498 0.1385 0.1882 0.9921 0.7329711818570205
0.0000 0.0494 0.1356 0.1850 0.9922 0.7329711818570205
0.0000 0.0486 0.1315 0.1801 0.9922 0.7329711818570205
0.0000 0.0487 0.1274 0.1761 0.9923 0.7329711818570205
0.0000 0.0492 0.1237 0.1729 0.9923 0.7329711818570205
0.0000 0.0497 0.1201 0.1698 0.9923 0.7329711818570205
0.0000 0.0498 0.1168 0.1666 0.9923 0.7329711818570205
0.0000 0.0498 0.1139 0.1637 0.9119 0.7542379531258588
0.0000 0.0499 0.1113 0.1612 0.9119 0.7542379531258588
0.0000 0.0503 0.1088 0.1590 0.9926 0.7542379531258588
0.0000 0.0507 0.1062 0.1569 0.9926 0.7542379531258588
0.0000 0.0511 0.1035 0.1546 0.9926 0.7542379531258588
0.0000 0.0516 0.1009 0.1524 0.9926 0.7542379531258588
0.0000 0.0522 0.0984 0.1506 0.9924 0.7542379531258588
0.0000 0.0528 0.0963 0.1490 0.9924 0.7542379531258588
0.0000 0.0531 0.0942 0.1473 0.9923 0.7542379531258588
0.0000 0.0533 0.0923 0.1456 0.9923 0.7542379531258588
0.0000 0.0535 0.0906 0.1441 0.9090 0.7517564447814851
0.0000 0.0537 0.0889 0.1426 0.9090 0.7517564447814851
0.0000 0.0538 0.0873 0.1411 0.9927 0.7517564447814851
0.0000 0.0540 0.0857 0.1397 0.9927 0.7517564447814851
0.0000 0.0541 0.0842 0.1383 0.9927 0.7517564447814851
0.0000 0.0542 0.0828 0.1371 0.9927 0.7517564447814851
0.0000 0.0541 0.0816 0.1357 0.9929 0.7517564447814851
0.0008 0.0540 0.0804 0.1352 0.9929 0.7517564447814851
0.0000 0.0587 0.0802 0.1389 0.9913 0.7517564447814851
0.0000 0.0574 0.0825 0.1398 0.9913 0.7517564447814851
0.0000 0.0572 0.0855 0.1427 0.9134 0.7463725473495474
0.0045 0.0578 0.0867 0.1491 0.9134 0.7463725473495474
0.0000 0.0564 0.0816 0.1380 0.9904 0.7463725473495474
0.0000 0.0562 0.0838 0.1400 0.9904 0.7463725473495474
0.0000 0.0557 0.0874 0.1431 0.9899 0.7463725473495474
0.0000 0.0546 0.0893 0.1439 0.9899 0.7463725473495474
0.0000 0.0534 0.0888 0.1422 0.9911 0.7463725473495474
0.0000 0.0522 0.0877 0.1400 0.9911 0.7463725473495474
0.0000 0.0512 0.0866 0.1378 0.9920 0.7463725473495474
0.0000 0.0504 0.0854 0.1358 0.9920 0.7463725473495474
0.0000 0.0498 0.0843 0.1340 0.9118 0.750832324299604
0.0000 0.0493 0.0831 0.1324 0.9118 0.750832324299604
0.0000 0.0490 0.0821 0.1310 0.9927 0.750832324299604
0.0000 0.0488 0.0810 0.1298 0.9927 0.750832324299604
0.0000 0.0488 0.0798 0.1287 0.9927 0.750832324299604
0.0000 0.0489 0.0786 0.1275 0.9927 0.750832324299604
0.0000 0.0490 0.0773 0.1264 0.9927 0.750832324299604
0.0000 0.0492 0.0760 0.1253 0.9927 0.750832324299604
0.0000 0.0495 0.0747 0.1242 0.9927 0.750832324299604
0.0000 0.0498 0.0733 0.1232 0.9927 0.750832324299604
0.0000 0.0501 0.0720 0.1221 0.9088 0.7472149174901226
0.0000 0.0504 0.0707 0.1211 0.9088 0.7472149174901226
0.0000 0.0507 0.0695 0.1202 0.9928 0.7472149174901226
0.0000 0.0510 0.0683 0.1193 0.9928 0.7472149174901226
0.0000 0.0512 0.0672 0.1184 0.9928 0.7472149174901226
0.0012 0.0514 0.0662 0.1188 0.9928 0.7472149174901226
0.0000 0.0550 0.0653 0.1203 0.9909 0.7472149174901226
0.0000 0.0552 0.0661 0.1212 0.9909 0.7472149174901226
0.0000 0.0546 0.0668 0.1214 0.9920 0.7472149174901226
0.0000 0.0545 0.0672 0.1217 0.9920 0.7472149174901226
0.0000 0.0547 0.0671 0.1218 0.9108 0.7448567065604103
0.0000 0.0547 0.0665 0.1212 0.9108 0.7448567065604103
0.0000 0.0543 0.0656 0.1199 0.9924 0.7448567065604103
0.0000 0.0537 0.0647 0.1184 0.9924 0.7448567065604103
0.0000 0.0533 0.0638 0.1171 0.9920 0.7448567065604103
0.0000 0.0529 0.0631 0.1160 0.9920 0.7448567065604103
0.0000 0.0527 0.0625 0.1151 0.9919 0.7448567065604103
0.0000 0.0523 0.0620 0.1143 0.9919 0.7448567065604103
0.0000 0.0519 0.0615 0.1134 0.9921 0.7448567065604103
0.0000 0.0515 0.0610 0.1125 0.9921 0.7448567065604103
0.0000 0.0511 0.0606 0.1117 0.9097 0.7467962114672158
0.0000 0.0507 0.0602 0.1109 0.9097 0.7467962114672158
0.0000 0.0504 0.0597 0.1101 0.9927 0.7467962114672158
0.0020 0.0500 0.0591 0.1112 0.9927 0.7467962114672158
0.0000 0.0532 0.0581 0.1113 0.9910 0.7467962114672158
0.0000 0.0528 0.0591 0.1120 0.9910 0.7467962114672158
0.0007 0.0520 0.0608 0.1134 0.9922 0.7467962114672158
0.0000 0.0533 0.0588 0.1121 0.9922 0.7467962114672158
0.0000 0.0527 0.0625 0.1152 0.9918 0.7467962114672158
0.0588 0.0526 0.0683 0.1797 0.9918 0.7467962114672158
0.0000 0.0538 0.0626 0.1164 0.8967 0.6912935923038526
0.0000 0.0534 0.0652 0.1186 0.8967 0.6912935923038526
0.0244 0.0529 0.0694 0.1467 0.9914 0.6912935923038526
0.0000 0.0527 0.0635 0.1162 0.9914 0.6912935923038526
0.0000 0.0515 0.0653 0.1168 0.9913 0.6912935923038526
0.0075 0.0501 0.0678 0.1254 0.9913 0.6912935923038526
0.0000 0.0515 0.0654 0.1169 0.9904 0.6912935923038526
0.0000 0.0505 0.0705 0.1210 0.9904 0.6912935923038526
0.0550 0.0495 0.0774 0.1819 0.9920 0.6912935923038526
0.0000 0.0514 0.0694 0.1209 0.9920 0.6912935923038526
0.0000 0.0500 0.0704 0.1204 0.9109 0.7356326347485592
0.0238 0.0484 0.0733 0.1454 0.9109 0.7356326347485592
0.0000 0.0493 0.0700 0.1194 0.9910 0.7356326347485592
0.0000 0.0483 0.0723 0.1206 0.9910 0.7356326347485592
0.0451 0.0484 0.0761 0.1696 0.9920 0.7356326347485592
0.0000 0.0499 0.0696 0.1195 0.9920 0.7356326347485592
0.0000 0.0492 0.0695 0.1187 0.9909 0.7356326347485592
0.0043 0.0486 0.0722 0.1252 0.9909 0.7356326347485592
0.0000 0.0496 0.0674 0.1170 0.9907 0.7356326347485592
0.0000 0.0494 0.0670 0.1164 0.9907 0.7356326347485592
0.0000 0.0494 0.0681 0.1176 0.9140 0.7467251152514234
0.0199 0.0501 0.0685 0.1384 0.9140 0.7467251152514234
0.0000 0.0508 0.0625 0.1132 0.9908 0.7467251152514234
0.0000 0.0509 0.0627 0.1136 0.9908 0.7467251152514234
0.0000 0.0509 0.0637 0.1145 0.9919 0.7467251152514234
0.0000 0.0513 0.0637 0.1151 0.9919 0.7467251152514234
0.0049 0.0521 0.0626 0.1196 0.9923 0.7467251152514234
0.0000 0.0532 0.0584 0.1116 0.9923 0.7467251152514234
0.0000 0.0528 0.0603 0.1131 0.9914 0.7467251152514234
0.0214 0.0529 0.0643 0.1385 0.9914 0.7467251152514234
0.0000 0.0536 0.0592 0.1128 0.8997 0.6900962593308746
0.0000 0.0524 0.0600 0.1124 0.8997 0.6900962593308746
0.0000 0.0514 0.0621 0.1135 0.9914 0.6900962593308746
0.0170 0.0512 0.0648 0.1330 0.9914 0.6900962593308746
0.0000 0.0515 0.0607 0.1122 0.9906 0.6900962593308746
0.0000 0.0513 0.0602 0.1115 0.9906 0.6900962593308746
0.0000 0.0510 0.0609 0.1119 0.9914 0.6900962593308746
0.0201 0.0510 0.0614 0.1325 0.9914 0.6900962593308746
0.0000 0.0516 0.0586 0.1101 0.9903 0.6900962593308746
0.0000 0.0515 0.0587 0.1102 0.9903 0.6900962593308746
0.0000 0.0522 0.0594 0.1115 0.9073 0.7164833401153026
0.0177 0.0530 0.0603 0.1311 0.9073 0.7164833401153026
0.0000 0.0515 0.0575 0.1090 0.9906 0.7164833401153026
0.0000 0.0507 0.0572 0.1080 0.9906 0.7164833401153026
0.0000 0.0503 0.0575 0.1078 0.9914 0.7164833401153026
0.0000 0.0503 0.0576 0.1079 0.9914 0.7164833401153026
0.0000 0.0504 0.0572 0.1077 0.9918 0.7164833401153026
0.0000 0.0506 0.0562 0.1068 0.9918 0.7164833401153026
0.0000 0.0508 0.0547 0.1055 0.9918 0.7164833401153026
0.0000 0.0511 0.0533 0.1044 0.9918 0.7164833401153026
0.0000 0.0514 0.0520 0.1033 0.9072 0.7350948507812756
0.0000 0.0515 0.0509 0.1024 0.9072 0.7350948507812756
0.0001 0.0515 0.0500 0.1016 0.9918 0.7350948507812756
0.0000 0.0550 0.0483 0.1034 0.9918 0.7350948507812756
0.0000 0.0539 0.0482 0.1022 0.9915 0.7350948507812756
0.0000 0.0536 0.0490 0.1026 0.9915 0.7350948507812756
0.0000 0.0531 0.0506 0.1036 0.9926 0.7350948507812756
0.0008 0.0507 0.0521 0.1036 0.9926 0.7350948507812756
0.0000 0.0504 0.0515 0.1018 0.9903 0.7350948507812756
0.0000 0.0507 0.0526 0.1033 0.9903 0.7350948507812756
0.0000 0.0499 0.0531 0.1030 0.9020 0.713825430706244
0.0000 0.0488 0.0532 0.1020 0.9020 0.713825430706244
0.0254 0.0492 0.0530 0.1276 0.9921 0.713825430706244
0.0000 0.0529 0.0494 0.1023 0.9921 0.713825430706244
0.0000 0.0531 0.0486 0.1017 0.9891 0.713825430706244
0.0000 0.0535 0.0482 0.1017 0.9891 0.713825430706244
0.0000 0.0542 0.0482 0.1024 0.9909 0.713825430706244
0.0216 0.0544 0.0488 0.1248 0.9909 0.713825430706244
0.0000 0.0536 0.0475 0.1011 0.9898 0.713825430706244
0.0000 0.0527 0.0493 0.1020 0.9898 0.713825430706244
0.0211 0.0519 0.0511 0.1240 0.8738 0.6289783288127285
0.0000 0.0520 0.0499 0.1019 0.8738 0.6289783288127285
0.0000 0.0514 0.0503 0.1017 0.9891 0.6289783288127285
0.0098 0.0512 0.0513 0.1123 0.9891 0.6289783288127285
0.0000 0.0525 0.0481 0.1006 0.9898 0.6289783288127285
0.0000 0.0533 0.0461 0.0994 0.9898 0.6289783288127285
0.0170 0.0554 0.0449 0.1173 0.9914 0.6289783288127285
0.0000 0.0547 0.0431 0.0977 0.9914 0.6289783288127285
0.0000 0.0529 0.0446 0.0975 0.9908 0.6289783288127285
0.0000 0.0512 0.0468 0.0980 0.9908 0.6289783288127285
0.0004 0.0498 0.0494 0.0996 0.8912 0.6838829194896048
0.0000 0.0493 0.0491 0.0984 0.8912 0.6838829194896048
0.0000 0.0480 0.0499 0.0979 0.9906 0.6838829194896048
0.0000 0.0470 0.0501 0.0971 0.9906 0.6838829194896048
0.0000 0.0471 0.0496 0.0967 0.9916 0.6838829194896048
0.0000 0.0485 0.0486 0.0971 0.9916 0.6838829194896048
0.0000 0.0497 0.0474 0.0970 0.9918 0.6838829194896048
0.0000 0.0499 0.0462 0.0961 0.9918 0.6838829194896048
0.0000 0.0500 0.0454 0.0954 0.9915 0.6838829194896048
0.0000 0.0499 0.0450 0.0949 0.9915 0.6838829194896048
0.0000 0.0497 0.0446 0.0943 0.8993 0.7253934481723274
0.0000 0.0493 0.0442 0.0935 0.8993 0.7253934481723274
0.0000 0.0489 0.0438 0.0926 0.9916 0.7253934481723274
0.0000 0.0488 0.0436 0.0923 0.9916 0.7253934481723274
0.0000 0.0485 0.0435 0.0920 0.9919 0.7253934481723274
0.0000 0.0478 0.0434 0.0911 0.9919 0.7253934481723274
0.0000 0.0472 0.0432 0.0904 0.9918 0.7253934481723274
0.0000 0.0472 0.0428 0.0900 0.9918 0.7253934481723274
0.0000 0.0472 0.0421 0.0893 0.9917 0.7253934481723274
0.0000 0.0474 0.0412 0.0887 0.9917 0.7253934481723274
0.0000 0.0478 0.0405 0.0883 0.9063 0.7494777134063103
0.0022 0.0478 0.0401 0.0901 0.9063 0.7494777134063103
0.0000 0.0537 0.0386 0.0923 0.9892 0.7494777134063103
0.0000 0.0538 0.0382 0.0921 0.9892 0.7494777134063103
0.0000 0.0525 0.0387 0.0912 0.9911 0.7494777134063103
0.0000 0.0512 0.0404 0.0916 0.9911 0.7494777134063103
0.0000 0.0485 0.0429 0.0914 0.9919 0.7494777134063103
0.0000 0.0458 0.0452 0.0909 0.9919 0.7494777134063103
0.0000 0.0445 0.0466 0.0911 0.9919 0.7494777134063103
0.0000 0.0441 0.0468 0.0910 0.9919 0.7494777134063103
0.0000 0.0444 0.0458 0.0902 0.9084 0.7437454283307178
0.0000 0.0454 0.0437 0.0891 0.9084 0.7437454283307178
0.0000 0.0472 0.0413 0.0885 0.9920 0.7437454283307178
0.0000 0.0489 0.0394 0.0883 0.9920 0.7437454283307178
0.0000 0.0492 0.0386 0.0878 0.9919 0.7437454283307178
0.0000 0.0482 0.0389 0.0871 0.9919 0.7437454283307178
0.0000 0.0470 0.0397 0.0867 0.9916 0.7437454283307178
0.0000 0.0460 0.0404 0.0864 0.9916 0.7437454283307178
0.0000 0.0455 0.0405 0.0860 0.9917 0.7437454283307178
0.0000 0.0454 0.0399 0.0853 0.9917 0.7437454283307178
