1.1814 0.6841 5.7184 7.5839 0.2067 0.02670986403509668
1.2775 0.6700 4.3492 6.2967 0.2067 0.02670986403509668
1.3624 0.6606 3.4388 5.4619 0.9803 0.02670986403509668
1.4027 0.6550 2.8467 4.9044 0.9803 0.02670986403509668
1.4065 0.6522 2.4295 4.4882 0.8436 0.02670986403509668
1.3872 0.6520 2.1081 4.1473 0.8436 0.02670986403509668
1.3432 0.6540 1.8595 3.8567 0.7231 0.02670986403509668
1.2630 0.6578 1.6729 3.5938 0.7231 0.02670986403509668
1.1380 0.6629 1.5429 3.3438 0.6486 0.02670986403509668
0.9807 0.6679 1.4634 3.1120 0.6486 0.02670986403509668
0.8247 0.6715 1.4144 2.9107 0.2213 0.027247494905370546
0.6964 0.6727 1.3690 2.7380 0.2213 0.027247494905370546
0.5994 0.6711 1.3123 2.5828 0.9607 0.027247494905370546
0.5309 0.6669 1.2465 2.4442 0.9607 0.027247494905370546
0.4912 0.6606 1.1849 2.3367 0.9922 0.027247494905370546
0.4576 0.6525 1.1366 2.2467 0.9922 0.027247494905370546
0.4261 0.6426 1.1029 2.1716 0.9968 0.027247494905370546
0.3999 0.6311 1.0776 2.1086 0.9968 0.027247494905370546
0.3696 0.6181 1.0539 2.0416 0.9984 0.027247494905370546
0.3326 0.6034 1.0321 1.9681 0.9984 0.027247494905370546
0.2962 0.5872 1.0110 1.8945 0.8089 0.132066566998767
0.2590 0.5694 0.9903 1.8187 0.8089 0.132066566998767
0.2180 0.5500 0.9671 1.7351 0.9994 0.132066566998767
0.1767 0.5298 0.9417 1.6482 0.9994 0.132066566998767
0.1390 0.5096 0.9147 1.5634 0.9995 0.132066566998767
0.0916 0.4898 0.8892 1.4706 0.9995 0.132066566998767
0.0293 0.4699 0.8670 1.3662 0.9997 0.132066566998767
0.0000 0.4493 0.8481 1.2973 0.9997 0.132066566998767
0.0192 0.4290 0.8183 1.2664 0.9992 0.132066566998767
0.0000 0.4071 0.7975 1.2047 0.9992 0.132066566998767
0.0000 0.3865 0.7737 1.1602 0.8624 0.28648799928938096
0.1265 0.3659 0.7500 1.2424 0.8624 0.28648799928938096
0.0000 0.3431 0.7346 1.0776 0.9996 0.28648799928938096
0.0311 0.3211 0.7202 1.0724 0.9996 0.28648799928938096
0.0000 0.3032 0.7119 1.0152 0.9996 0.28648799928938096
0.0000 0.2861 0.7011 0.9871 0.9996 0.28648799928938096
0.0021 0.2690 0.6853 0.9564 0.9995 0.28648799928938096
0.0000 0.2543 0.6690 0.9233 0.9995 0.28648799928938096
0.0000 0.2403 0.6503 0.8906 0.9994 0.28648799928938096
0.0113 0.2267 0.6298 0.8678 0.9994 0.28648799928938096
0.0000 0.2171 0.6149 0.8320 0.8137 0.18642114362751722
0.0000 0.2076 0.5988 0.8063 0.8137 0.18642114362751722
0.0212 0.1976 0.5819 0.8007 0.9994 0.18642114362751722
0.0000 0.1899 0.5722 0.7621 0.9994 0.18642114362751722
0.0000 0.1823 0.5630 0.7454 0.9995 0.18642114362751722
0.0013 0.1747 0.5522 0.7282 0.9995 0.18642114362751722
0.0000 0.1710 0.5449 0.7159 0.9995 0.18642114362751722
0.0000 0.1671 0.5363 0.7034 0.9995 0.18642114362751722
0.0000 0.1627 0.5247 0.6873 0.9995 0.18642114362751722
0.0000 0.1577 0.5105 0.6682 0.9995 0.18642114362751722
0.0216 0.1524 0.4957 0.6697 0.8185 0.2164045788656415
0.0000 0.1505 0.4849 0.6354 0.8185 0.2164045788656415
0.0000 0.1486 0.4800 0.6286 0.9995 0.2164045788656415
0.0000 0.1462 0.4755 0.6217 0.9995 0.2164045788656415
0.0456 0.1429 0.4694 0.6579 0.9996 0.2164045788656415
0.0000 0.1423 0.4602 0.6025 0.9996 0.2164045788656415
0.0000 0.1416 0.4529 0.5945 0.9997 0.2164045788656415
0.0000 0.1401 0.4453 0.5854 0.9997 0.2164045788656415
0.0000 0.1376 0.4364 0.5740 0.9997 0.2164045788656415
0.0000 0.1342 0.4266 0.5608 0.9997 0.2164045788656415
0.0281 0.1305 0.4168 0.5753 0.8446 0.30102381903827263
0.0000 0.1304 0.4089 0.5393 0.8446 0.30102381903827263
0.0000 0.1303 0.4061 0.5365 0.9997 0.30102381903827263
0.0000 0.1296 0.4036 0.5332 0.9997 0.30102381903827263
0.0000 0.1279 0.3993 0.5272 0.9998 0.30102381903827263
0.0176 0.1253 0.3931 0.5360 0.9998 0.30102381903827263
0.0000 0.1260 0.3850 0.5110 0.9997 0.30102381903827263
0.0000 0.1269 0.3840 0.5109 0.9997 0.30102381903827263
0.0000 0.1268 0.3829 0.5097 0.9992 0.30102381903827263
0.0000 0.1253 0.3796 0.5049 0.9992 0.30102381903827263
0.0000 0.1226 0.3747 0.4973 0.8684 0.4100498501391712
0.0249 0.1194 0.3690 0.5133 0.8684 0.4100498501391712
0.0000 0.1179 0.3610 0.4789 0.9998 0.4100498501391712
0.0000 0.1170 0.3592 0.4762 0.9998 0.4100498501391712
0.0000 0.1159 0.3586 0.4745 0.9995 0.4100498501391712
0.0000 0.1143 0.3568 0.4711 0.9995 0.4100498501391712
0.0224 0.1123 0.3533 0.4880 0.9998 0.4100498501391712
0.0000 0.1116 0.3456 0.4572 0.9998 0.4100498501391712
0.0000 0.1117 0.3431 0.4548 0.9998 0.4100498501391712
0.0000 0.1116 0.3411 0.4527 0.9998 0.4100498501391712
0.0000 0.1113 0.3378 0.4491 0.8826 0.47890905613819423
0.0000 0.1106 0.3333 0.4438 0.8826 0.47890905613819423
0.0199 0.1096 0.3281 0.4577 0.9998 0.47890905613819423
0.0000 0.1094 0.3218 0.4312 0.9998 0.47890905613819423
0.0000 0.1096 0.3228 0.4324 0.9998 0.47890905613819423
0.0000 0.1096 0.3242 0.4338 0.9998 0.47890905613819423
0.0000 0.1087 0.3236 0.4323 0.9998 0.47890905613819423
0.0152 0.1075 0.3209 0.4436 0.9998 0.47890905613819423
0.0000 0.1071 0.3151 0.4223 0.9996 0.47890905613819423
0.0000 0.1074 0.3169 0.4243 0.9996 0.47890905613819423
0.0000 0.1076 0.3186 0.4262 0.9023 0.5904078906706327
0.0000 0.1072 0.3180 0.4252 0.9023 0.5904078906706327
0.0000 0.1061 0.3151 0.4212 0.9995 0.5904078906706327
0.0000 0.1046 0.3104 0.4150 0.9995 0.5904078906706327
0.0137 0.1033 0.3048 0.4218 0.9996 0.5904078906706327
0.0000 0.1031 0.2961 0.3992 0.9996 0.5904078906706327
0.0000 0.1035 0.2940 0.3974 0.9994 0.5904078906706327
0.0000 0.1039 0.2936 0.3975 0.9994 0.5904078906706327
0.0000 0.1041 0.2932 0.3972 0.9994 0.5904078906706327
0.0000 0.1038 0.2915 0.3953 0.9994 0.5904078906706327
0.0000 0.1032 0.2884 0.3916 0.8874 0.53472301484561
0.0148 0.1026 0.2841 0.4015 0.8874 0.53472301484561
0.0000 0.1014 0.2778 0.3791 0.9994 0.53472301484561
0.0000 0.1012 0.2806 0.3817 0.9994 0.53472301484561
0.0000 0.1011 0.2843 0.3854 0.9994 0.53472301484561
0.0000 0.1005 0.2859 0.3864 0.9994 0.53472301484561
0.0000 0.0994 0.2847 0.3841 0.9994 0.53472301484561
0.0000 0.0985 0.2819 0.3804 0.9994 0.53472301484561
0.0000 0.0978 0.2781 0.3759 0.9995 0.53472301484561
0.0000 0.0974 0.2731 0.3706 0.9995 0.53472301484561
0.0000 0.0973 0.2675 0.3648 0.8704 0.4416940426389562
0.0087 0.0973 0.2618 0.3678 0.8704 0.4416940426389562
0.0000 0.0985 0.2571 0.3556 0.9995 0.4416940426389562
0.0000 0.1034 0.2605 0.3639 0.9995 0.4416940426389562
0.0000 0.1079 0.2629 0.3708 0.9988 0.4416940426389562
0.0000 0.1068 0.2608 0.3676 0.9988 0.4416940426389562
0.0000 0.1034 0.2578 0.3612 0.9989 0.4416940426389562
0.0000 0.1007 0.2554 0.3561 0.9989 0.4416940426389562
0.0000 0.0988 0.2524 0.3513 0.9994 0.4416940426389562
0.0000 0.0975 0.2491 0.3466 0.9994 0.4416940426389562
0.0000 0.0966 0.2455 0.3420 0.8535 0.40497299031900824
0.0000 0.0959 0.2417 0.3376 0.8535 0.40497299031900824
0.0000 0.0954 0.2381 0.3334 0.9996 0.40497299031900824
0.0000 0.0950 0.2344 0.3294 0.9996 0.40497299031900824
0.0000 0.0948 0.2307 0.3255 0.9996 0.40497299031900824
0.0000 0.0947 0.2270 0.3217 0.9996 0.40497299031900824
0.0000 0.0947 0.2232 0.3180 0.9996 0.40497299031900824
0.0000 0.0949 0.2195 0.3144 0.9996 0.40497299031900824
0.0000 0.0951 0.2157 0.3109 0.9996 0.40497299031900824
0.0000 0.0954 0.2119 0.3073 0.9996 0.40497299031900824
0.0000 0.0958 0.2081 0.3039 0.8822 0.4666243662878966
0.0000 0.0962 0.2044 0.3006 0.8822 0.4666243662878966
0.0000 0.0967 0.2008 0.2975 0.9996 0.4666243662878966
0.0000 0.0972 0.1975 0.2947 0.9996 0.4666243662878966
0.0000 0.0976 0.1944 0.2920 0.9995 0.4666243662878966
0.0000 0.0979 0.1916 0.2894 0.9995 0.4666243662878966
0.0000 0.0980 0.1889 0.2870 0.9996 0.4666243662878966
0.0000 0.0980 0.1866 0.2845 0.9996 0.4666243662878966
0.0000 0.0977 0.1845 0.2822 0.9996 0.4666243662878966
0.0000 0.0973 0.1826 0.2799 0.9996 0.4666243662878966
0.0000 0.0968 0.1809 0.2777 0.8992 0.5427916284145784
0.0000 0.0962 0.1793 0.2755 0.8992 0.5427916284145784
0.0000 0.0957 0.1777 0.2734 0.9999 0.5427916284145784
0.0000 0.0952 0.1762 0.2713 0.9999 0.5427916284145784
0.0000 0.0948 0.1746 0.2694 0.9999 0.5427916284145784
0.0000 0.0944 0.1731 0.2675 0.9999 0.5427916284145784
0.0000 0.0940 0.1716 0.2656 0.9999 0.5427916284145784
0.0000 0.0937 0.1700 0.2637 0.9999 0.5427916284145784
0.0000 0.0934 0.1685 0.2619 0.9999 0.5427916284145784
0.0000 0.0931 0.1670 0.2601 0.9999 0.5427916284145784
0.0000 0.0928 0.1655 0.2583 0.8994 0.5389364553642749
0.0000 0.0925 0.1641 0.2566 0.8994 0.5389364553642749
0.0000 0.0922 0.1627 0.2549 0.9999 0.5389364553642749
0.0000 0.0918 0.1613 0.2532 0.9999 0.5389364553642749
0.0043 0.0915 0.1600 0.2558 0.9999 0.5389364553642749
0.0000 0.1135 0.1717 0.2852 0.9999 0.5389364553642749
0.1533 0.1523 0.1958 0.5014 0.9928 0.5389364553642749
0.0000 0.1053 0.1891 0.2944 0.9928 0.5389364553642749
0.0108 0.0974 0.2040 0.3122 0.9965 0.5389364553642749
0.0000 0.0830 0.2052 0.2882 0.9965 0.5389364553642749
0.0000 0.0778 0.2144 0.2922 0.8762 0.492597927682789
0.0000 0.0746 0.2231 0.2977 0.8762 0.492597927682789
0.0191 0.0726 0.2298 0.3214 0.9994 0.492597927682789
0.0000 0.0717 0.2299 0.3017 0.9994 0.492597927682789
0.0038 0.0710 0.2318 0.3066 0.9994 0.492597927682789
0.0000 0.0711 0.2291 0.3002 0.9994 0.492597927682789
0.0000 0.0714 0.2285 0.2999 0.9993 0.492597927682789
0.0000 0.0718 0.2279 0.2997 0.9993 0.492597927682789
0.0000 0.0720 0.2262 0.2982 0.9993 0.492597927682789
0.0000 0.0720 0.2231 0.2951 0.9993 0.492597927682789
0.0000 0.0716 0.2193 0.2909 0.8876 0.5136458455141257
0.0000 0.0710 0.2153 0.2863 0.8876 0.5136458455141257
0.0000 0.0703 0.2116 0.2818 0.9992 0.5136458455141257
0.0000 0.0696 0.2081 0.2776 0.9992 0.5136458455141257
0.0000 0.0689 0.2046 0.2736 0.9992 0.5136458455141257
0.0000 0.0683 0.2011 0.2694 0.9992 0.5136458455141257
0.0000 0.0675 0.1975 0.2651 0.9991 0.5136458455141257
0.0000 0.0668 0.1941 0.2609 0.9991 0.5136458455141257
0.0000 0.0659 0.1910 0.2569 0.9992 0.5136458455141257
0.0000 0.0650 0.1881 0.2531 0.9992 0.5136458455141257
0.0000 0.0639 0.1853 0.2493 0.8669 0.4071144742870869
0.0000 0.0628 0.1826 0.2454 0.8669 0.4071144742870869
0.0000 0.0616 0.1801 0.2417 0.9994 0.4071144742870869
0.0000 0.0604 0.1776 0.2380 0.9994 0.4071144742870869
0.0000 0.0593 0.1751 0.2344 0.9994 0.4071144742870869
0.0000 0.0582 0.1726 0.2307 0.9994 0.4071144742870869
0.0000 0.0572 0.1700 0.2272 0.9994 0.4071144742870869
0.0000 0.0563 0.1676 0.2239 0.9994 0.4071144742870869
0.0000 0.0555 0.1652 0.2207 0.9994 0.4071144742870869
0.0000 0.0547 0.1630 0.2177 0.9994 0.4071144742870869
0.0000 0.0540 0.1608 0.2148 0.8656 0.4402674307653715
0.0000 0.0531 0.1588 0.2119 0.8656 0.4402674307653715
0.0000 0.0522 0.1569 0.2091 0.9996 0.4402674307653715
0.0000 0.0511 0.1552 0.2064 0.9996 0.4402674307653715
0.0000 0.0500 0.1537 0.2037 0.9998 0.4402674307653715
0.0000 0.0489 0.1523 0.2012 0.9998 0.4402674307653715
0.0000 0.0478 0.1510 0.1988 0.9998 0.4402674307653715
0.0000 0.0466 0.1497 0.1964 0.9998 0.4402674307653715
0.0000 0.0455 0.1484 0.1940 0.9998 0.4402674307653715
0.0000 0.0444 0.1472 0.1916 0.9998 0.4402674307653715
0.0000 0.0434 0.1460 0.1893 0.8831 0.5272972268875425
0.0000 0.0423 0.1448 0.1871 0.8831 0.5272972268875425
0.0000 0.0413 0.1438 0.1850 0.9998 0.5272972268875425
0.0000 0.0402 0.1428 0.1830 0.9998 0.5272972268875425
0.0000 0.0391 0.1418 0.1810 0.9998 0.5272972268875425
0.0000 0.0381 0.1409 0.1790 0.9998 0.5272972268875425
0.0000 0.0370 0.1401 0.1771 0.9999 0.5272972268875425
0.0000 0.0361 0.1392 0.1752 0.9999 0.5272972268875425
0.0000 0.0351 0.1382 0.1734 0.9999 0.5272972268875425
0.0000 0.0343 0.1373 0.1716 0.9999 0.5272972268875425
0.0036 0.0335 0.1364 0.1734 0.9200 0.7066421053725375
0.0000 0.0451 0.1453 0.1904 0.9200 0.7066421053725375
0.0312 0.0665 0.1593 0.2570 0.9978 0.7066421053725375
0.0000 0.0427 0.1513 0.1940 0.9978 0.7066421053725375
0.0000 0.0485 0.1689 0.2174 0.9980 0.7066421053725375
0.0000 0.0396 0.1703 0.2099 0.9980 0.7066421053725375
0.0220 0.0340 0.1729 0.2288 0.9986 0.7066421053725375
0.0000 0.0289 0.1731 0.2020 0.9986 0.7066421053725375
0.0000 0.0258 0.1771 0.2029 0.9993 0.7066421053725375
0.0000 0.0238 0.1812 0.2050 0.9993 0.7066421053725375
0.0000 0.0226 0.1843 0.2069 0.7674 0.2081129192341052
0.0000 0.0220 0.1863 0.2082 0.7674 0.2081129192341052
0.0027 0.0217 0.1871 0.2115 0.9985 0.2081129192341052
0.0000 0.0203 0.1860 0.2063 0.9985 0.2081129192341052
0.0000 0.0196 0.1864 0.2060 0.9995 0.2081129192341052
0.0000 0.0194 0.1863 0.2057 0.9995 0.2081129192341052
0.0000 0.0192 0.1851 0.2043 0.9996 0.2081129192341052
0.0000 0.0191 0.1827 0.2019 0.9996 0.2081129192341052
0.0000 0.0192 0.1797 0.1989 0.9996 0.2081129192341052
0.0000 0.0195 0.1765 0.1959 0.9996 0.2081129192341052
0.0000 0.0198 0.1732 0.1930 0.8352 0.3551361858997249
0.0000 0.0201 0.1698 0.1899 0.8352 0.3551361858997249
0.0000 0.0203 0.1668 0.1871 0.9993 0.3551361858997249
0.0000 0.0204 0.1641 0.1846 0.9993 0.3551361858997249
0.0000 0.0204 0.1614 0.1818 0.9993 0.3551361858997249
0.0000 0.0201 0.1587 0.1788 0.9993 0.3551361858997249
0.0000 0.0198 0.1562 0.1759 0.9994 0.3551361858997249
0.0000 0.0195 0.1539 0.1734 0.9994 0.3551361858997249
0.0000 0.0193 0.1515 0.1708 0.9996 0.3551361858997249
0.0000 0.0193 0.1491 0.1683 0.9996 0.3551361858997249
0.0000 0.0193 0.1466 0.1659 0.8565 0.4181926621076834
0.0000 0.0193 0.1441 0.1634 0.8565 0.4181926621076834
0.0000 0.0194 0.1416 0.1610 0.9997 0.4181926621076834
0.0000 0.0195 0.1392 0.1588 0.9997 0.4181926621076834
0.0000 0.0196 0.1370 0.1566 0.9996 0.4181926621076834
0.0000 0.0197 0.1348 0.1545 0.9996 0.4181926621076834
0.0000 0.0197 0.1327 0.1524 0.9997 0.4181926621076834
0.0000 0.0197 0.1308 0.1505 0.9997 0.4181926621076834
0.0000 0.0197 0.1289 0.1487 0.9997 0.4181926621076834
0.0000 0.0198 0.1272 0.1469 0.9997 0.4181926621076834
0.0000 0.0198 0.1254 0.1452 0.8568 0.4515026943344892
0.0000 0.0198 0.1238 0.1436 0.8568 0.4515026943344892
0.0018 0.0198 0.1222 0.1439 0.9998 0.4515026943344892
0.0000 0.0272 0.1272 0.1544 0.9998 0.4515026943344892
0.0000 0.0407 0.1333 0.1740 0.9985 0.4515026943344892
0.0000 0.0356 0.1311 0.1667 0.9985 0.4515026943344892
0.0000 0.0298 0.1301 0.1599 0.9984 0.4515026943344892
0.0000 0.0257 0.1301 0.1557 0.9984 0.4515026943344892
0.0000 0.0225 0.1297 0.1521 0.9991 0.4515026943344892
0.0000 0.0201 0.1290 0.1491 0.9991 0.4515026943344892
0.0000 0.0187 0.1284 0.1471 0.6265 0.14661253795744214
0.0000 0.0178 0.1278 0.1457 0.6265 0.14661253795744214
0.0000 0.0170 0.1274 0.1444 0.9977 0.14661253795744214
0.0000 0.0162 0.1271 0.1433 0.9977 0.14661253795744214
0.0000 0.0154 0.1268 0.1422 0.9976 0.14661253795744214
0.0000 0.0149 0.1263 0.1412 0.9976 0.14661253795744214
0.0000 0.0146 0.1254 0.1400 0.9977 0.14661253795744214
0.0000 0.0145 0.1243 0.1387 0.9977 0.14661253795744214
0.0000 0.0146 0.1228 0.1373 0.9979 0.14661253795744214
0.0000 0.0148 0.1210 0.1358 0.9979 0.14661253795744214
0.0000 0.0152 0.1189 0.1341 0.6710 0.1280035659594139
0.0000 0.0156 0.1167 0.1323 0.6710 0.1280035659594139
0.0000 0.0161 0.1145 0.1306 0.9984 0.1280035659594139
0.0000 0.0166 0.1123 0.1289 0.9984 0.1280035659594139
0.0000 0.0172 0.1102 0.1273 0.9987 0.1280035659594139
0.0000 0.0178 0.1081 0.1259 0.9987 0.1280035659594139
0.0000 0.0184 0.1062 0.1245 0.9989 0.1280035659594139
0.0000 0.0190 0.1043 0.1233 0.9989 0.1280035659594139
0.0000 0.0195 0.1026 0.1221 0.9991 0.1280035659594139
0.0000 0.0200 0.1009 0.1209 0.9991 0.1280035659594139
0.0000 0.0204 0.0995 0.1198 0.8023 0.2950697567247029
0.0000 0.0206 0.0981 0.1187 0.8023 0.2950697567247029
0.0000 0.0208 0.0969 0.1177 0.9992 0.2950697567247029
0.0000 0.0209 0.0957 0.1166 0.9992 0.2950697567247029
0.0000 0.0209 0.0947 0.1157 0.9991 0.2950697567247029
0.0000 0.0209 0.0938 0.1147 0.9991 0.2950697567247029
0.0000 0.0208 0.0930 0.1138 0.9991 0.2950697567247029
0.0000 0.0206 0.0922 0.1129 0.9991 0.2950697567247029
0.0000 0.0205 0.0915 0.1120 0.9991 0.2950697567247029
0.0000 0.0203 0.0908 0.1111 0.9991 0.2950697567247029
0.0000 0.0201 0.0902 0.1103 0.8158 0.309224909392411
0.0000 0.0199 0.0896 0.1095 0.8158 0.309224909392411
0.0000 0.0197 0.0890 0.1087 0.9992 0.309224909392411
0.0000 0.0196 0.0883 0.1079 0.9992 0.309224909392411
0.0000 0.0194 0.0877 0.1071 0.9993 0.309224909392411
0.0000 0.0192 0.0871 0.1064 0.9993 0.309224909392411
0.0000 0.0191 0.0865 0.1056 0.9993 0.309224909392411
0.0000 0.0189 0.0860 0.1049 0.9993 0.309224909392411
0.0000 0.0187 0.0854 0.1042 0.9994 0.309224909392411
0.0000 0.0186 0.0849 0.1035 0.9994 0.309224909392411
0.0000 0.0184 0.0843 0.1028 0.8430 0.38601398943132836
0.0000 0.0183 0.0838 0.1021 0.8430 0.38601398943132836
0.0000 0.0181 0.0833 0.1014 0.9995 0.38601398943132836
0.0000 0.0179 0.0828 0.1007 0.9995 0.38601398943132836
0.0000 0.0178 0.0823 0.1001 0.9996 0.38601398943132836
0.0000 0.0177 0.0818 0.0994 0.9996 0.38601398943132836
0.0000 0.0175 0.0813 0.0988 0.9997 0.38601398943132836
0.0000 0.0174 0.0808 0.0982 0.9997 0.38601398943132836
0.0000 0.0173 0.0803 0.0975 0.9997 0.38601398943132836
0.0000 0.0171 0.0798 0.0969 0.9997 0.38601398943132836
0.0000 0.0170 0.0793 0.0963 0.8632 0.4287346321580475
0.0000 0.0169 0.0789 0.0958 0.8632 0.4287346321580475
0.0000 0.0168 0.0784 0.0952 0.9998 0.4287346321580475
0.0000 0.0167 0.0780 0.0946 0.9998 0.4287346321580475
0.0000 0.0165 0.0775 0.0941 0.9998 0.4287346321580475
0.0000 0.0164 0.0771 0.0935 0.9998 0.4287346321580475
0.0000 0.0163 0.0767 0.0930 0.9999 0.4287346321580475
0.0000 0.0162 0.0763 0.0925 0.9999 0.4287346321580475
0.0000 0.0161 0.0759 0.0919 0.9999 0.4287346321580475
0.0000 0.0160 0.0755 0.0914 0.9999 0.4287346321580475
0.0000 0.0159 0.0751 0.0909 0.8721 0.4397311545000886
0.0000 0.0158 0.0747 0.0904 0.8721 0.4397311545000886
0.0000 0.0157 0.0743 0.0899 0.9999 0.4397311545000886
0.0000 0.0156 0.0739 0.0894 0.9999 0.4397311545000886
0.0000 0.0155 0.0735 0.0889 0.9999 0.4397311545000886
0.0000 0.0154 0.0731 0.0884 0.9999 0.4397311545000886
0.0000 0.0153 0.0727 0.0880 0.9999 0.4397311545000886
0.0000 0.0152 0.0723 0.0875 0.9999 0.4397311545000886
0.0000 0.0151 0.0719 0.0870 0.9999 0.4397311545000886
0.0000 0.0150 0.0715 0.0866 0.9999 0.4397311545000886
0.0000 0.0150 0.0712 0.0861 0.8767 0.4371575592618546
0.0000 0.0149 0.0708 0.0857 0.8767 0.4371575592618546
0.0000 0.0148 0.0704 0.0852 0.9999 0.4371575592618546
0.0000 0.0148 0.0700 0.0848 0.9999 0.4371575592618546
0.0000 0.0147 0.0697 0.0844 0.9999 0.4371575592618546
0.0000 0.0146 0.0693 0.0839 0.9999 0.4371575592618546
0.0000 0.0146 0.0690 0.0835 0.9999 0.4371575592618546
0.0000 0.0145 0.0686 0.0831 0.9999 0.4371575592618546
0.0000 0.0144 0.0682 0.0827 0.9999 0.4371575592618546
0.0000 0.0144 0.0679 0.0823 0.9999 0.4371575592618546
0.0000 0.0143 0.0675 0.0819 0.8813 0.4373912019843513
0.0000 0.0143 0.0672 0.0815 0.8813 0.4373912019843513
0.0000 0.0142 0.0669 0.0811 0.9999 0.4373912019843513
0.0000 0.0141 0.0665 0.0807 0.9999 0.4373912019843513
0.0000 0.0141 0.0662 0.0803 0.9999 0.4373912019843513
0.0000 0.0140 0.0659 0.0799 0.9999 0.4373912019843513
0.0000 0.0140 0.0655 0.0795 1.0000 0.4373912019843513
0.0000 0.0139 0.0652 0.0791 1.0000 0.4373912019843513
0.0000 0.0139 0.0649 0.0787 1.0000 0.4373912019843513
0.0000 0.0138 0.0646 0.0784 1.0000 0.4373912019843513
0.0000 0.0138 0.0642 0.0780 0.8834 0.4348976388310893
0.0000 0.0137 0.0639 0.0776 0.8834 0.4348976388310893
0.0000 0.0137 0.0636 0.0773 1.0000 0.4348976388310893
0.0000 0.0136 0.0633 0.0769 1.0000 0.4348976388310893
0.0000 0.0136 0.0630 0.0765 1.0000 0.4348976388310893
0.0000 0.0135 0.0627 0.0762 1.0000 0.4348976388310893
0.0000 0.0135 0.0624 0.0758 1.0000 0.4348976388310893
0.0000 0.0134 0.0621 0.0755 1.0000 0.4348976388310893
0.0000 0.0134 0.0618 0.0752 1.0000 0.4348976388310893
0.0000 0.0133 0.0615 0.0748 1.0000 0.4348976388310893
0.0000 0.0133 0.0612 0.0745 0.8849 0.4368819579293833
0.0000 0.0133 0.0609 0.0741 0.8849 0.4368819579293833
0.0000 0.0132 0.0606 0.0738 1.0000 0.4368819579293833
0.0000 0.0132 0.0603 0.0735 1.0000 0.4368819579293833
0.0000 0.0131 0.0600 0.0731 1.0000 0.4368819579293833
0.0005 0.0131 0.0597 0.0734 1.0000 0.4368819579293833
0.2062 0.0381 0.0835 0.3278 0.9992 0.4368819579293833
0.0000 0.0395 0.0807 0.1202 0.9992 0.4368819579293833
0.1476 0.0707 0.1003 0.3185 0.9952 0.4368819579293833
0.0392 0.0342 0.0926 0.1661 0.9952 0.4368819579293833
0.0000 0.0155 0.0940 0.1094 0.9016 0.6492514426806755
0.0000 0.0084 0.1005 0.1090 0.9016 0.6492514426806755
0.0000 0.0066 0.1074 0.1140 0.9999 0.6492514426806755
0.0578 0.0065 0.1125 0.1769 0.9999 0.6492514426806755
0.0784 0.0081 0.1171 0.2035 0.9998 0.6492514426806755
0.0000 0.0068 0.1183 0.1252 0.9998 0.6492514426806755
0.0079 0.0083 0.1345 0.1507 0.9997 0.6492514426806755
0.0000 0.0113 0.1304 0.1418 0.9997 0.6492514426806755
0.0043 0.0150 0.1360 0.1553 0.9993 0.6492514426806755
0.0000 0.0146 0.1341 0.1487 0.9993 0.6492514426806755
0.0000 0.0131 0.1397 0.1529 0.8776 0.5304671077626191
0.0052 0.0113 0.1458 0.1622 0.8776 0.5304671077626191
0.0000 0.0097 0.1371 0.1468 0.9994 0.5304671077626191
0.0000 0.0086 0.1374 0.1460 0.9994 0.5304671077626191
0.0000 0.0080 0.1393 0.1473 0.9997 0.5304671077626191
0.0068 0.0078 0.1394 0.1540 0.9997 0.5304671077626191
0.0000 0.0084 0.1313 0.1397 0.9989 0.5304671077626191
0.0000 0.0076 0.1304 0.1380 0.9989 0.5304671077626191
0.0000 0.0070 0.1314 0.1384 0.9998 0.5304671077626191
0.0071 0.0066 0.1315 0.1452 0.9998 0.5304671077626191
0.0000 0.0075 0.1223 0.1298 0.8796 0.5580354083859662
0.0000 0.0070 0.1210 0.1279 0.8796 0.5580354083859662
0.0000 0.0071 0.1199 0.1270 0.9999 0.5580354083859662
0.0000 0.0079 0.1175 0.1254 0.9999 0.5580354083859662
0.0000 0.0085 0.1143 0.1228 0.9997 0.5580354083859662
0.0000 0.0092 0.1098 0.1190 0.9997 0.5580354083859662
0.0000 0.0099 0.1041 0.1140 0.9997 0.5580354083859662
0.0000 0.0107 0.0984 0.1091 0.9997 0.5580354083859662
0.0000 0.0117 0.0931 0.1047 0.9995 0.5580354083859662
0.0000 0.0127 0.0881 0.1008 0.9995 0.5580354083859662
0.0000 0.0139 0.0834 0.0973 0.8267 0.29566381700095856
0.0000 0.0151 0.0791 0.0942 0.8267 0.29566381700095856
0.0000 0.0164 0.0752 0.0917 0.9993 0.29566381700095856
0.0000 0.0179 0.0716 0.0895 0.9993 0.29566381700095856
0.0000 0.0195 0.0682 0.0877 0.9992 0.29566381700095856
0.0000 0.0211 0.0651 0.0862 0.9992 0.29566381700095856
0.0000 0.0227 0.0622 0.0849 0.9992 0.29566381700095856
0.0000 0.0243 0.0597 0.0840 0.9992 0.29566381700095856
0.0000 0.0256 0.0576 0.0832 0.9992 0.29566381700095856
0.0000 0.0267 0.0559 0.0826 0.9992 0.29566381700095856
0.0000 0.0274 0.0545 0.0819 0.7913 0.29964437379111974
0.0000 0.0277 0.0535 0.0812 0.7913 0.29964437379111974
0.0000 0.0274 0.0529 0.0803 0.9990 0.29964437379111974
0.0000 0.0267 0.0526 0.0793 0.9990 0.29964437379111974
0.0000 0.0255 0.0527 0.0782 0.9990 0.29964437379111974
0.0000 0.0241 0.0529 0.0771 0.9990 0.29964437379111974
0.0000 0.0226 0.0534 0.0760 0.9991 0.29964437379111974
0.0000 0.0211 0.0539 0.0750 0.9991 0.29964437379111974
0.0000 0.0197 0.0544 0.0741 0.9991 0.29964437379111974
0.0000 0.0185 0.0549 0.0734 0.9991 0.29964437379111974
0.0000 0.0174 0.0554 0.0728 0.8021 0.4430269424511793
0.0000 0.0165 0.0556 0.0722 0.8021 0.4430269424511793
0.0000 0.0159 0.0558 0.0716 0.9993 0.4430269424511793
0.0000 0.0154 0.0557 0.0711 0.9993 0.4430269424511793
0.0000 0.0151 0.0555 0.0706 0.9993 0.4430269424511793
0.0000 0.0149 0.0551 0.0700 0.9993 0.4430269424511793
0.0000 0.0149 0.0545 0.0694 0.9993 0.4430269424511793
0.0000 0.0150 0.0538 0.0688 0.9993 0.4430269424511793
0.0065 0.0152 0.0530 0.0748 0.9993 0.4430269424511793
0.0000 0.0180 0.0527 0.0706 0.9993 0.4430269424511793
0.0646 0.0220 0.0567 0.1434 0.6366 0.06804451346023489
0.0000 0.0205 0.0520 0.0725 0.6366 0.06804451346023489
0.0000 0.0217 0.0563 0.0780 0.9973 0.06804451346023489
0.0004 0.0237 0.0616 0.0858 0.9973 0.06804451346023489
0.0000 0.0191 0.0567 0.0758 0.9980 0.06804451346023489
0.0000 0.0174 0.0597 0.0771 0.9980 0.06804451346023489
0.0198 0.0160 0.0627 0.0984 0.9987 0.06804451346023489
0.0000 0.0134 0.0622 0.0756 0.9987 0.06804451346023489
0.0000 0.0120 0.0654 0.0774 0.9985 0.06804451346023489
0.0000 0.0112 0.0686 0.0798 0.9985 0.06804451346023489
0.0000 0.0106 0.0707 0.0813 0.7362 0.19842966471569018
0.0000 0.0103 0.0712 0.0814 0.7362 0.19842966471569018
0.0000 0.0102 0.0703 0.0805 0.9986 0.19842966471569018
0.0000 0.0103 0.0688 0.0791 0.9986 0.19842966471569018
0.0000 0.0106 0.0668 0.0774 0.9985 0.19842966471569018
0.0000 0.0109 0.0647 0.0756 0.9985 0.19842966471569018
0.0000 0.0115 0.0624 0.0739 0.9987 0.19842966471569018
0.0000 0.0124 0.0599 0.0723 0.9987 0.19842966471569018
0.0000 0.0134 0.0574 0.0708 0.9989 0.19842966471569018
0.0000 0.0148 0.0548 0.0696 0.9989 0.19842966471569018
0.0000 0.0164 0.0522 0.0686 0.7554 0.2310755315846295
0.0000 0.0181 0.0498 0.0679 0.7554 0.2310755315846295
0.0000 0.0198 0.0478 0.0676 0.9986 0.2310755315846295
0.0000 0.0212 0.0462 0.0674 0.9986 0.2310755315846295
0.0000 0.0219 0.0452 0.0671 0.9985 0.2310755315846295
0.0000 0.0220 0.0446 0.0667 0.9985 0.2310755315846295
0.0000 0.0215 0.0446 0.0660 0.9985 0.2310755315846295
0.0000 0.0204 0.0449 0.0653 0.9985 0.2310755315846295
0.0000 0.0191 0.0455 0.0646 0.9986 0.2310755315846295
0.0000 0.0177 0.0463 0.0640 0.9986 0.2310755315846295
0.0000 0.0164 0.0470 0.0635 0.7780 0.3321564886448982
0.0000 0.0153 0.0477 0.0630 0.7780 0.3321564886448982
0.0000 0.0144 0.0483 0.0627 0.9993 0.3321564886448982
0.0000 0.0138 0.0486 0.0624 0.9993 0.3321564886448982
0.0000 0.0134 0.0487 0.0621 0.9995 0.3321564886448982
0.0000 0.0132 0.0485 0.0617 0.9995 0.3321564886448982
0.0000 0.0132 0.0480 0.0612 0.9995 0.3321564886448982
0.0000 0.0134 0.0474 0.0608 0.9995 0.3321564886448982
0.0000 0.0137 0.0465 0.0603 0.9995 0.3321564886448982
0.0000 0.0142 0.0456 0.0598 0.9995 0.3321564886448982
0.0000 0.0147 0.0447 0.0594 0.7814 0.45087308456234926
0.0000 0.0152 0.0439 0.0591 0.7814 0.45087308456234926
0.0000 0.0156 0.0431 0.0588 0.9995 0.45087308456234926
0.0000 0.0159 0.0425 0.0585 0.9995 0.45087308456234926
0.0000 0.0161 0.0421 0.0582 0.9995 0.45087308456234926
0.0000 0.0160 0.0418 0.0578 0.9995 0.45087308456234926
0.0000 0.0157 0.0417 0.0575 0.9995 0.45087308456234926
0.0000 0.0153 0.0418 0.0571 0.9995 0.45087308456234926
0.0000 0.0148 0.0419 0.0568 0.9995 0.45087308456234926
0.0081 0.0143 0.0421 0.0646 0.9995 0.45087308456234926
0.0723 0.0174 0.0434 0.1330 0.4238 0.03691313793857809
0.0000 0.0190 0.0411 0.0601 0.4238 0.03691313793857809
0.0000 0.0205 0.0462 0.0667 0.9967 0.03691313793857809
0.0000 0.0232 0.0539 0.0771 0.9967 0.03691313793857809
0.0570 0.0187 0.0554 0.1312 0.9978 0.03691313793857809
0.0000 0.0125 0.0513 0.0638 0.9978 0.03691313793857809
0.0045 0.0103 0.0569 0.0717 0.9984 0.03691313793857809
0.0000 0.0097 0.0588 0.0686 0.9984 0.03691313793857809
0.0001 0.0090 0.0633 0.0725 0.9976 0.03691313793857809
0.0000 0.0092 0.0631 0.0723 0.9976 0.03691313793857809
0.0000 0.0091 0.0659 0.0750 0.5043 0.04344011041704227
0.0000 0.0090 0.0676 0.0766 0.5043 0.04344011041704227
0.0000 0.0090 0.0664 0.0754 0.9972 0.04344011041704227
0.0000 0.0091 0.0635 0.0727 0.9972 0.04344011041704227
0.0000 0.0095 0.0598 0.0693 0.9976 0.04344011041704227
0.0000 0.0101 0.0558 0.0659 0.9976 0.04344011041704227
0.0000 0.0113 0.0515 0.0628 0.9984 0.04344011041704227
0.0000 0.0134 0.0473 0.0607 0.9984 0.04344011041704227
0.0000 0.0167 0.0435 0.0602 0.9994 0.04344011041704227
0.0000 0.0206 0.0403 0.0609 0.9994 0.04344011041704227
