1.1656 0.6849 6.0568 7.9074 0.2106 0.02681292413293477
1.2601 0.6720 4.5901 6.5223 0.2106 0.02681292413293477
1.3406 0.6635 3.6242 5.6283 0.8402 0.02681292413293477
1.3770 0.6583 2.9948 5.0300 0.8402 0.02681292413293477
1.3782 0.6555 2.5448 4.5785 0.7463 0.02681292413293477
1.3574 0.6552 2.1980 4.2106 0.7463 0.02681292413293477
1.3138 0.6570 1.9321 3.9029 0.6542 0.02681292413293477
1.2399 0.6605 1.7355 3.6359 0.6542 0.02681292413293477
1.1327 0.6650 1.5999 3.3976 0.5859 0.02681292413293477
1.0031 0.6693 1.5159 3.1884 0.5859 0.02681292413293477
0.8721 0.6727 1.4611 3.0059 0.2041 0.026637451622578835
0.7599 0.6742 1.4081 2.8423 0.2041 0.026637451622578835
0.6737 0.6735 1.3441 2.6912 0.8219 0.026637451622578835
0.6116 0.6705 1.2740 2.5562 0.8219 0.026637451622578835
0.5777 0.6652 1.2090 2.4519 0.8567 0.026637451622578835
0.5590 0.6579 1.1571 2.3740 0.8567 0.026637451622578835
0.5362 0.6488 1.1191 2.3041 0.8797 0.026637451622578835
0.5103 0.6381 1.0903 2.2387 0.8797 0.026637451622578835
0.4838 0.6258 1.0663 2.1759 0.9005 0.026637451622578835
0.4579 0.6119 1.0419 2.1117 0.9005 0.026637451622578835
0.4338 0.5964 1.0180 2.0481 0.6175 0.0553904868437345
0.4128 0.5791 0.9923 1.9842 0.6175 0.0553904868437345
0.3933 0.5602 0.9631 1.9166 0.9281 0.0553904868437345
0.3734 0.5398 0.9322 1.8454 0.9281 0.0553904868437345
0.3551 0.5185 0.9020 1.7757 0.9359 0.0553904868437345
0.3371 0.4967 0.8732 1.7070 0.9359 0.0553904868437345
0.3157 0.4748 0.8461 1.6365 0.9446 0.0553904868437345
0.2940 0.4527 0.8206 1.5673 0.9446 0.0553904868437345
0.2746 0.4307 0.7977 1.5029 0.9520 0.0553904868437345
0.2539 0.4092 0.7779 1.4410 0.9520 0.0553904868437345
0.2329 0.3885 0.7607 1.3820 0.8419 0.20591896667268983
0.2129 0.3686 0.7442 1.3257 0.8419 0.20591896667268983
0.1939 0.3500 0.7275 1.2714 0.9683 0.20591896667268983
0.1763 0.3330 0.7111 1.2203 0.9683 0.20591896667268983
0.1575 0.3173 0.6952 1.1700 0.9724 0.20591896667268983
0.1361 0.3029 0.6800 1.1189 0.9724 0.20591896667268983
0.1140 0.2902 0.6659 1.0701 0.9753 0.20591896667268983
0.0914 0.2795 0.6524 1.0234 0.9753 0.20591896667268983
0.0618 0.2703 0.6391 0.9712 0.9771 0.20591896667268983
0.0264 0.2635 0.6277 0.9176 0.9771 0.20591896667268983
0.0000 0.2592 0.6175 0.8767 0.9107 0.679587312055469
0.0000 0.2524 0.6005 0.8530 0.9107 0.679587312055469
0.0211 0.2425 0.5817 0.8453 0.9785 0.679587312055469
0.0000 0.2372 0.5731 0.8103 0.9785 0.679587312055469
0.0514 0.2310 0.5678 0.8503 0.9782 0.679587312055469
0.0000 0.2206 0.5620 0.7825 0.9782 0.679587312055469
0.0263 0.2111 0.5581 0.7955 0.9784 0.679587312055469
0.0007 0.2035 0.5506 0.7549 0.9784 0.679587312055469
0.0000 0.1996 0.5425 0.7421 0.9787 0.679587312055469
0.0221 0.1964 0.5329 0.7513 0.9787 0.679587312055469
0.0000 0.1922 0.5196 0.7117 0.9125 0.7090192106465787
0.0000 0.1888 0.5074 0.6961 0.9125 0.7090192106465787
0.0375 0.1857 0.4961 0.7193 0.9794 0.7090192106465787
0.0000 0.1830 0.4865 0.6694 0.9794 0.7090192106465787
0.0181 0.1809 0.4793 0.6783 0.9791 0.7090192106465787
0.0000 0.1794 0.4722 0.6517 0.9791 0.7090192106465787
0.0000 0.1782 0.4671 0.6453 0.9794 0.7090192106465787
0.0212 0.1774 0.4604 0.6591 0.9794 0.7090192106465787
0.0000 0.1763 0.4502 0.6266 0.9797 0.7090192106465787
0.0000 0.1754 0.4421 0.6175 0.9797 0.7090192106465787
0.0017 0.1746 0.4342 0.6105 0.9151 0.7197582678745824
0.0000 0.1734 0.4271 0.6005 0.9151 0.7197582678745824
0.0000 0.1726 0.4227 0.5953 0.9799 0.7197582678745824
0.0000 0.1718 0.4173 0.5891 0.9799 0.7197582678745824
0.0078 0.1713 0.4098 0.5888 0.9803 0.7197582678745824
0.0000 0.1708 0.3991 0.5699 0.9803 0.7197582678745824
0.0000 0.1701 0.3974 0.5675 0.9804 0.7197582678745824
0.0000 0.1699 0.3964 0.5663 0.9804 0.7197582678745824
0.0349 0.1696 0.3928 0.5973 0.9804 0.7197582678745824
0.0000 0.1681 0.3857 0.5538 0.9804 0.7197582678745824
0.0000 0.1671 0.3843 0.5514 0.9175 0.7364973995904325
0.0000 0.1663 0.3819 0.5482 0.9175 0.7364973995904325
0.0226 0.1657 0.3776 0.5659 0.9809 0.7364973995904325
0.0000 0.1657 0.3678 0.5335 0.9809 0.7364973995904325
0.0000 0.1654 0.3616 0.5270 0.9809 0.7364973995904325
0.0000 0.1652 0.3562 0.5214 0.9809 0.7364973995904325
0.0145 0.1653 0.3505 0.5303 0.9812 0.7364973995904325
0.0000 0.1653 0.3417 0.5070 0.9812 0.7364973995904325
0.0000 0.1649 0.3392 0.5041 0.9813 0.7364973995904325
0.0000 0.1646 0.3372 0.5018 0.9813 0.7364973995904325
0.0037 0.1646 0.3336 0.5018 0.9205 0.7432278609270636
0.0000 0.1642 0.3258 0.4899 0.9205 0.7432278609270636
0.0000 0.1636 0.3253 0.4888 0.9815 0.7432278609270636
0.0001 0.1631 0.3255 0.4888 0.9815 0.7432278609270636
0.0000 0.1630 0.3196 0.4826 0.9813 0.7432278609270636
0.0000 0.1627 0.3197 0.4823 0.9813 0.7432278609270636
0.0000 0.1625 0.3199 0.4823 0.9816 0.7432278609270636
0.0259 0.1624 0.3181 0.5064 0.9816 0.7432278609270636
0.0000 0.1617 0.3089 0.4706 0.9815 0.7432278609270636
0.0000 0.1610 0.3074 0.4684 0.9815 0.7432278609270636
0.0000 0.1602 0.3073 0.4675 0.9228 0.7574746990588727
0.0233 0.1597 0.3062 0.4892 0.9228 0.7574746990588727
0.0000 0.1600 0.2983 0.4583 0.9815 0.7574746990588727
0.0000 0.1596 0.2963 0.4559 0.9815 0.7574746990588727
0.0111 0.1590 0.2956 0.4657 0.9817 0.7574746990588727
0.0000 0.1588 0.2900 0.4487 0.9817 0.7574746990588727
0.0000 0.1581 0.2895 0.4476 0.9818 0.7574746990588727
0.0000 0.1579 0.2897 0.4476 0.9818 0.7574746990588727
0.0000 0.1581 0.2882 0.4463 0.9812 0.7574746990588727
0.0031 0.1581 0.2846 0.4458 0.9812 0.7574746990588727
0.0000 0.1574 0.2774 0.4348 0.9220 0.7486918600717032
0.0000 0.1571 0.2777 0.4348 0.9220 0.7486918600717032
0.0000 0.1566 0.2786 0.4351 0.9820 0.7486918600717032
0.0000 0.1559 0.2777 0.4336 0.9820 0.7486918600717032
0.0128 0.1555 0.2748 0.4431 0.9820 0.7486918600717032
0.0000 0.1561 0.2677 0.4238 0.9820 0.7486918600717032
0.0000 0.1554 0.2679 0.4233 0.9818 0.7486918600717032
0.0000 0.1545 0.2694 0.4239 0.9818 0.7486918600717032
0.0000 0.1542 0.2697 0.4239 0.9810 0.7486918600717032
0.0000 0.1541 0.2677 0.4218 0.9810 0.7486918600717032
0.0069 0.1538 0.2640 0.4246 0.9227 0.7473817029833175
0.0000 0.1536 0.2564 0.4100 0.9227 0.7473817029833175
0.0000 0.1540 0.2559 0.4099 0.9820 0.7473817029833175
0.0000 0.1534 0.2561 0.4095 0.9820 0.7473817029833175
0.0000 0.1525 0.2549 0.4074 0.9823 0.7473817029833175
0.0000 0.1518 0.2522 0.4040 0.9823 0.7473817029833175
0.0123 0.1515 0.2489 0.4127 0.9822 0.7473817029833175
0.0000 0.1518 0.2428 0.3946 0.9822 0.7473817029833175
0.0000 0.1506 0.2448 0.3954 0.9824 0.7473817029833175
0.0000 0.1494 0.2475 0.3970 0.9824 0.7473817029833175
0.0000 0.1488 0.2486 0.3974 0.9246 0.7621118760459966
0.0079 0.1486 0.2471 0.4036 0.9246 0.7621118760459966
0.0000 0.1484 0.2393 0.3877 0.9820 0.7621118760459966
0.0000 0.1480 0.2407 0.3887 0.9820 0.7621118760459966
0.0000 0.1468 0.2434 0.3902 0.9823 0.7621118760459966
0.0000 0.1458 0.2444 0.3901 0.9823 0.7621118760459966
0.0047 0.1452 0.2430 0.3929 0.9812 0.7621118760459966
0.0000 0.1456 0.2349 0.3805 0.9812 0.7621118760459966
0.0000 0.1446 0.2346 0.3792 0.9819 0.7621118760459966
0.0000 0.1436 0.2364 0.3800 0.9819 0.7621118760459966
0.0000 0.1432 0.2369 0.3800 0.9249 0.7627240249047623
0.0000 0.1429 0.2349 0.3779 0.9249 0.7627240249047623
0.0000 0.1425 0.2315 0.3741 0.9809 0.7627240249047623
0.0000 0.1421 0.2280 0.3701 0.9809 0.7627240249047623
0.0000 0.1418 0.2244 0.3662 0.9813 0.7627240249047623
0.0000 0.1416 0.2207 0.3623 0.9813 0.7627240249047623
0.0000 0.1412 0.2173 0.3585 0.9812 0.7627240249047623
0.0000 0.1406 0.2147 0.3553 0.9812 0.7627240249047623
0.0000 0.1399 0.2122 0.3521 0.9809 0.7627240249047623
0.0000 0.1391 0.2095 0.3486 0.9809 0.7627240249047623
0.0000 0.1384 0.2067 0.3450 0.9245 0.7672854091886123
0.0000 0.1377 0.2039 0.3416 0.9245 0.7672854091886123
0.0000 0.1370 0.2012 0.3382 0.9813 0.7672854091886123
0.0000 0.1365 0.1985 0.3350 0.9813 0.7672854091886123
0.0000 0.1361 0.1958 0.3319 0.9818 0.7672854091886123
0.0000 0.1356 0.1932 0.3287 0.9818 0.7672854091886123
0.0000 0.1350 0.1906 0.3256 0.9820 0.7672854091886123
0.0000 0.1343 0.1881 0.3224 0.9820 0.7672854091886123
0.0004 0.1337 0.1857 0.3198 0.9822 0.7672854091886123
0.0000 0.1352 0.1837 0.3189 0.9822 0.7672854091886123
0.0000 0.1352 0.1845 0.3197 0.9265 0.764778302100157
0.0000 0.1347 0.1853 0.3199 0.9265 0.764778302100157
0.0000 0.1341 0.1850 0.3191 0.9830 0.764778302100157
0.0000 0.1331 0.1836 0.3167 0.9830 0.764778302100157
0.0000 0.1317 0.1817 0.3134 0.9829 0.764778302100157
0.0000 0.1305 0.1798 0.3102 0.9829 0.764778302100157
0.0000 0.1295 0.1781 0.3076 0.9833 0.764778302100157
0.0000 0.1287 0.1766 0.3052 0.9833 0.764778302100157
0.0000 0.1277 0.1748 0.3026 0.9832 0.764778302100157
0.0000 0.1266 0.1732 0.2998 0.9832 0.764778302100157
0.0000 0.1255 0.1719 0.2974 0.9256 0.7651699316794223
0.0000 0.1244 0.1707 0.2951 0.9256 0.7651699316794223
0.0000 0.1233 0.1694 0.2927 0.9826 0.7651699316794223
0.0000 0.1221 0.1680 0.2902 0.9826 0.7651699316794223
0.0000 0.1209 0.1668 0.2877 0.9829 0.7651699316794223
0.0000 0.1197 0.1655 0.2853 0.9829 0.7651699316794223
0.0000 0.1184 0.1644 0.2828 0.9833 0.7651699316794223
0.0000 0.1171 0.1633 0.2804 0.9833 0.7651699316794223
0.0000 0.1157 0.1623 0.2780 0.9834 0.7651699316794223
0.0000 0.1143 0.1612 0.2756 0.9834 0.7651699316794223
0.0000 0.1130 0.1603 0.2733 0.9266 0.7688089467693121
0.0000 0.1117 0.1592 0.2710 0.9266 0.7688089467693121
0.0000 0.1104 0.1582 0.2686 0.9837 0.7688089467693121
0.0000 0.1091 0.1572 0.2663 0.9837 0.7688089467693121
0.0019 0.1078 0.1562 0.2659 0.9838 0.7688089467693121
0.0000 0.1094 0.1568 0.2662 0.9838 0.7688089467693121
0.0000 0.1094 0.1598 0.2692 0.9844 0.7688089467693121
0.0000 0.1092 0.1618 0.2710 0.9844 0.7688089467693121
0.0000 0.1080 0.1622 0.2702 0.9840 0.7688089467693121
0.0000 0.1058 0.1615 0.2673 0.9840 0.7688089467693121
0.0000 0.1035 0.1607 0.2642 0.9268 0.7711230644732586
0.0000 0.1018 0.1598 0.2616 0.9268 0.7711230644732586
0.0000 0.1003 0.1589 0.2592 0.9844 0.7711230644732586
0.0069 0.0988 0.1580 0.2637 0.9844 0.7711230644732586
0.0000 0.0990 0.1573 0.2563 0.9842 0.7711230644732586
0.0000 0.0973 0.1609 0.2582 0.9842 0.7711230644732586
0.0000 0.0967 0.1640 0.2607 0.9842 0.7711230644732586
0.0021 0.0957 0.1642 0.2620 0.9842 0.7711230644732586
0.0000 0.0970 0.1616 0.2586 0.9841 0.7711230644732586
0.0000 0.0978 0.1678 0.2656 0.9841 0.7711230644732586
0.0020 0.0946 0.1715 0.2682 0.9253 0.7663018215012694
0.0000 0.0927 0.1675 0.2602 0.9253 0.7663018215012694
0.0000 0.0909 0.1750 0.2659 0.9825 0.7663018215012694
0.0262 0.0933 0.1833 0.3029 0.9825 0.7663018215012694
0.0000 0.0895 0.1777 0.2671 0.9825 0.7663018215012694
0.0000 0.0888 0.1829 0.2717 0.9825 0.7663018215012694
0.0026 0.0872 0.1890 0.2789 0.9836 0.7663018215012694
0.0000 0.0882 0.1834 0.2716 0.9836 0.7663018215012694
0.0000 0.0863 0.1848 0.2711 0.9820 0.7663018215012694
0.0000 0.0855 0.1879 0.2734 0.9820 0.7663018215012694
0.0099 0.0853 0.1896 0.2847 0.9199 0.7488479328192668
0.0000 0.0869 0.1852 0.2721 0.9199 0.7488479328192668
0.0000 0.0871 0.1912 0.2782 0.9824 0.7488479328192668
0.0000 0.0851 0.1954 0.2805 0.9824 0.7488479328192668
0.0000 0.0827 0.1948 0.2774 0.9815 0.7488479328192668
0.0033 0.0823 0.1933 0.2789 0.9815 0.7488479328192668
0.0000 0.0833 0.1868 0.2700 0.9806 0.7488479328192668
0.0000 0.0827 0.1898 0.2725 0.9806 0.7488479328192668
0.0000 0.0810 0.1923 0.2734 0.9814 0.7488479328192668
0.0000 0.0791 0.1921 0.2712 0.9814 0.7488479328192668
0.0000 0.0782 0.1899 0.2682 0.9222 0.763872088718163
0.0000 0.0783 0.1865 0.2648 0.9222 0.763872088718163
0.0000 0.0779 0.1820 0.2599 0.9813 0.763872088718163
0.0000 0.0773 0.1782 0.2555 0.9813 0.763872088718163
0.0000 0.0772 0.1750 0.2522 0.9817 0.763872088718163
0.0000 0.0774 0.1718 0.2492 0.9817 0.763872088718163
0.0000 0.0774 0.1686 0.2460 0.9819 0.763872088718163
0.0000 0.0773 0.1653 0.2425 0.9819 0.763872088718163
0.0000 0.0772 0.1621 0.2393 0.9820 0.763872088718163
0.0000 0.0772 0.1592 0.2365 0.9820 0.763872088718163
0.0000 0.0772 0.1565 0.2337 0.9230 0.7727543268328269
0.0000 0.0773 0.1538 0.2310 0.9230 0.7727543268328269
0.0000 0.0773 0.1510 0.2283 0.9825 0.7727543268328269
0.0000 0.0772 0.1484 0.2256 0.9825 0.7727543268328269
0.0000 0.0771 0.1459 0.2230 0.9827 0.7727543268328269
0.0000 0.0771 0.1435 0.2206 0.9827 0.7727543268328269
0.0000 0.0771 0.1411 0.2181 0.9828 0.7727543268328269
0.0000 0.0770 0.1387 0.2158 0.9828 0.7727543268328269
0.0000 0.0770 0.1365 0.2135 0.9830 0.7727543268328269
0.0000 0.0770 0.1346 0.2116 0.9830 0.7727543268328269
0.0000 0.0769 0.1326 0.2096 0.9221 0.7712956725000443
0.0000 0.0768 0.1308 0.2076 0.9221 0.7712956725000443
0.0000 0.0767 0.1291 0.2058 0.9833 0.7712956725000443
0.0000 0.0767 0.1274 0.2041 0.9833 0.7712956725000443
0.0000 0.0765 0.1258 0.2023 0.9834 0.7712956725000443
0.0000 0.0763 0.1244 0.2007 0.9834 0.7712956725000443
0.0000 0.0761 0.1231 0.1992 0.9837 0.7712956725000443
0.0000 0.0758 0.1218 0.1977 0.9837 0.7712956725000443
0.0000 0.0756 0.1206 0.1962 0.9839 0.7712956725000443
0.0000 0.0754 0.1194 0.1948 0.9839 0.7712956725000443
0.0000 0.0751 0.1183 0.1935 0.9237 0.7685023348529796
0.0000 0.0749 0.1173 0.1921 0.9237 0.7685023348529796
0.0001 0.0746 0.1163 0.1909 0.9844 0.7685023348529796
0.0000 0.0784 0.1184 0.1968 0.9844 0.7685023348529796
0.0000 0.0784 0.1240 0.2024 0.9838 0.7685023348529796
0.0000 0.0778 0.1273 0.2051 0.9838 0.7685023348529796
0.0000 0.0784 0.1284 0.2068 0.9827 0.7685023348529796
0.0000 0.0766 0.1272 0.2038 0.9827 0.7685023348529796
0.0000 0.0751 0.1258 0.2009 0.9822 0.7685023348529796
0.0000 0.0755 0.1251 0.2006 0.9822 0.7685023348529796
0.0000 0.0765 0.1244 0.2009 0.9164 0.7482097597638142
0.0000 0.0766 0.1235 0.2002 0.9164 0.7482097597638142
0.0000 0.0758 0.1228 0.1985 0.9821 0.7482097597638142
0.0000 0.0745 0.1223 0.1968 0.9821 0.7482097597638142
0.0039 0.0738 0.1215 0.1992 0.9829 0.7482097597638142
0.0000 0.0753 0.1206 0.1959 0.9829 0.7482097597638142
0.0000 0.0745 0.1253 0.1998 0.9841 0.7482097597638142
0.0000 0.0739 0.1276 0.2015 0.9841 0.7482097597638142
0.0000 0.0740 0.1263 0.2003 0.9841 0.7482097597638142
0.0000 0.0741 0.1240 0.1981 0.9841 0.7482097597638142
0.0000 0.0736 0.1212 0.1949 0.9243 0.7665244252128062
0.0000 0.0737 0.1188 0.1925 0.9243 0.7665244252128062
0.0000 0.0741 0.1171 0.1911 0.9832 0.7665244252128062
0.0000 0.0738 0.1157 0.1896 0.9832 0.7665244252128062
0.0000 0.0730 0.1148 0.1878 0.9834 0.7665244252128062
0.0000 0.0725 0.1140 0.1865 0.9834 0.7665244252128062
0.0000 0.0723 0.1127 0.1851 0.9836 0.7665244252128062
0.0000 0.0721 0.1110 0.1832 0.9836 0.7665244252128062
0.0000 0.0722 0.1094 0.1816 0.9838 0.7665244252128062
0.0000 0.0724 0.1079 0.1803 0.9838 0.7665244252128062
0.0000 0.0722 0.1067 0.1789 0.9241 0.769463108740736
0.0000 0.0720 0.1056 0.1776 0.9241 0.769463108740736
0.0000 0.0719 0.1046 0.1764 0.9837 0.769463108740736
0.0000 0.0718 0.1034 0.1752 0.9837 0.769463108740736
0.0000 0.0716 0.1023 0.1739 0.9839 0.769463108740736
0.0000 0.0716 0.1012 0.1728 0.9839 0.769463108740736
0.0000 0.0715 0.1001 0.1716 0.9841 0.769463108740736
0.0000 0.0714 0.0991 0.1704 0.9841 0.769463108740736
0.0000 0.0712 0.0981 0.1693 0.9840 0.769463108740736
0.0000 0.0710 0.0973 0.1683 0.9840 0.769463108740736
0.0000 0.0708 0.0964 0.1672 0.9244 0.7702373905754508
0.0000 0.0707 0.0955 0.1662 0.9244 0.7702373905754508
0.0000 0.0706 0.0946 0.1652 0.9845 0.7702373905754508
0.0000 0.0705 0.0937 0.1642 0.9845 0.7702373905754508
0.0000 0.0704 0.0928 0.1632 0.9846 0.7702373905754508
0.0000 0.0702 0.0921 0.1623 0.9846 0.7702373905754508
0.0000 0.0701 0.0914 0.1614 0.9847 0.7702373905754508
0.0000 0.0699 0.0907 0.1606 0.9847 0.7702373905754508
0.0000 0.0697 0.0900 0.1597 0.9849 0.7702373905754508
0.0000 0.0695 0.0894 0.1589 0.9849 0.7702373905754508
0.0000 0.0693 0.0887 0.1580 0.9250 0.769216699234364
0.0000 0.0691 0.0881 0.1572 0.9250 0.769216699234364
0.0000 0.0689 0.0875 0.1564 0.9851 0.769216699234364
0.0000 0.0687 0.0870 0.1556 0.9851 0.769216699234364
0.0000 0.0685 0.0863 0.1549 0.9853 0.769216699234364
0.0000 0.0684 0.0857 0.1541 0.9853 0.769216699234364
0.0000 0.0682 0.0851 0.1534 0.9854 0.769216699234364
0.0000 0.0680 0.0846 0.1526 0.9854 0.769216699234364
0.0000 0.0678 0.0841 0.1519 0.9855 0.769216699234364
0.0000 0.0677 0.0835 0.1512 0.9855 0.769216699234364
0.0000 0.0675 0.0830 0.1505 0.9261 0.7690322808967093
0.0000 0.0673 0.0825 0.1498 0.9261 0.7690322808967093
0.0000 0.0671 0.0819 0.1491 0.9858 0.7690322808967093
0.0000 0.0669 0.0815 0.1484 0.9858 0.7690322808967093
0.0000 0.0668 0.0810 0.1477 0.9859 0.7690322808967093
0.0004 0.0666 0.0805 0.1475 0.9859 0.7690322808967093
0.0000 0.0732 0.0887 0.1619 0.9844 0.7690322808967093
0.0333 0.0789 0.1002 0.2124 0.9844 0.7690322808967093
0.0000 0.0689 0.0967 0.1656 0.9844 0.7690322808967093
0.0000 0.0691 0.1094 0.1785 0.9844 0.7690322808967093
0.0476 0.0687 0.1166 0.2329 0.9235 0.7663779723496599
0.0000 0.0717 0.1110 0.1827 0.9235 0.7663779723496599
0.0054 0.0699 0.1225 0.1978 0.9831 0.7663779723496599
0.0000 0.0760 0.1183 0.1943 0.9831 0.7663779723496599
0.0000 0.0741 0.1239 0.1980 0.9814 0.7663779723496599
0.0560 0.0722 0.1322 0.2604 0.9814 0.7663779723496599
0.0000 0.0785 0.1244 0.2029 0.9808 0.7663779723496599
0.0000 0.0759 0.1320 0.2079 0.9808 0.7663779723496599
0.0534 0.0741 0.1434 0.2708 0.9823 0.7663779723496599
0.0000 0.0796 0.1315 0.2111 0.9823 0.7663779723496599
0.0000 0.0784 0.1326 0.2111 0.9232 0.7626099551007562
0.0203 0.0752 0.1380 0.2334 0.9232 0.7626099551007562
0.0000 0.0801 0.1321 0.2123 0.9802 0.7626099551007562
0.0000 0.0766 0.1357 0.2123 0.9802 0.7626099551007562
0.0461 0.0724 0.1415 0.2600 0.9818 0.7626099551007562
0.0000 0.0771 0.1326 0.2097 0.9818 0.7626099551007562
0.0000 0.0749 0.1354 0.2103 0.9810 0.7626099551007562
0.0180 0.0734 0.1395 0.2309 0.9810 0.7626099551007562
0.0000 0.0774 0.1302 0.2076 0.9791 0.7626099551007562
0.0000 0.0768 0.1298 0.2066 0.9791 0.7626099551007562
0.0000 0.0749 0.1321 0.2070 0.9198 0.7557923890937917
0.0147 0.0741 0.1322 0.2209 0.9198 0.7557923890937917
0.0000 0.0777 0.1218 0.1995 0.9785 0.7557923890937917
0.0000 0.0767 0.1214 0.1981 0.9785 0.7557923890937917
0.0000 0.0752 0.1235 0.1987 0.9803 0.7557923890937917
0.0285 0.0750 0.1254 0.2289 0.9803 0.7557923890937917
0.0000 0.0783 0.1180 0.1963 0.9783 0.7557923890937917
0.0000 0.0784 0.1193 0.1977 0.9783 0.7557923890937917
0.0000 0.0781 0.1215 0.1996 0.9794 0.7557923890937917
0.0062 0.0780 0.1212 0.2054 0.9794 0.7557923890937917
0.0000 0.0793 0.1119 0.1912 0.9110 0.7304004850646071
0.0000 0.0787 0.1114 0.1900 0.9110 0.7304004850646071
0.0000 0.0777 0.1123 0.1900 0.9793 0.7304004850646071
0.0000 0.0772 0.1120 0.1892 0.9793 0.7304004850646071
0.0083 0.0771 0.1103 0.1957 0.9799 0.7304004850646071
0.0000 0.0807 0.1024 0.1831 0.9799 0.7304004850646071
0.0000 0.0805 0.1020 0.1825 0.9771 0.7304004850646071
0.0000 0.0793 0.1037 0.1830 0.9771 0.7304004850646071
0.0000 0.0790 0.1047 0.1838 0.9792 0.7304004850646071
0.0158 0.0794 0.1032 0.1984 0.9792 0.7304004850646071
0.0000 0.0821 0.0942 0.1763 0.8959 0.6858616219816851
0.0000 0.0825 0.0934 0.1759 0.8959 0.6858616219816851
0.0000 0.0823 0.0941 0.1764 0.9766 0.6858616219816851
0.0000 0.0822 0.0937 0.1759 0.9766 0.6858616219816851
0.0000 0.0822 0.0918 0.1740 0.9776 0.6858616219816851
0.0000 0.0821 0.0893 0.1714 0.9776 0.6858616219816851
0.0054 0.0820 0.0863 0.1738 0.9780 0.6858616219816851
0.0000 0.0849 0.0800 0.1648 0.9780 0.6858616219816851
0.0000 0.0846 0.0791 0.1637 0.9755 0.6858616219816851
0.0000 0.0834 0.0797 0.1632 0.9755 0.6858616219816851
0.0000 0.0827 0.0811 0.1637 0.9116 0.7379736778521392
0.0318 0.0830 0.0812 0.1960 0.9116 0.7379736778521392
0.0000 0.0877 0.0743 0.1621 0.9742 0.7379736778521392
0.0000 0.0884 0.0742 0.1626 0.9742 0.7379736778521392
0.0000 0.0872 0.0755 0.1627 0.9769 0.7379736778521392
0.0174 0.0867 0.0766 0.1807 0.9769 0.7379736778521392
0.0000 0.0892 0.0711 0.1603 0.9746 0.7379736778521392
0.0000 0.0887 0.0716 0.1603 0.9746 0.7379736778521392
0.0000 0.0881 0.0743 0.1624 0.9768 0.7379736778521392
0.0156 0.0877 0.0763 0.1796 0.9768 0.7379736778521392
0.0000 0.0895 0.0694 0.1588 0.8913 0.6653976231224606
0.0000 0.0889 0.0691 0.1580 0.8913 0.6653976231224606
0.0000 0.0877 0.0712 0.1589 0.9764 0.6653976231224606
0.0278 0.0866 0.0732 0.1876 0.9764 0.6653976231224606
0.0000 0.0885 0.0686 0.1572 0.9750 0.6653976231224606
0.0000 0.0877 0.0691 0.1568 0.9750 0.6653976231224606
0.0000 0.0868 0.0708 0.1576 0.9776 0.6653976231224606
0.0091 0.0863 0.0725 0.1679 0.9776 0.6653976231224606
0.0000 0.0884 0.0681 0.1565 0.9747 0.6653976231224606
0.0000 0.0885 0.0680 0.1565 0.9747 0.6653976231224606
0.0000 0.0880 0.0691 0.1570 0.8998 0.6892946029282582
0.0000 0.0872 0.0704 0.1576 0.8998 0.6892946029282582
0.0054 0.0864 0.0711 0.1629 0.9779 0.6892946029282582
0.0000 0.0879 0.0657 0.1536 0.9779 0.6892946029282582
0.0000 0.0875 0.0650 0.1525 0.9769 0.6892946029282582
0.0000 0.0871 0.0655 0.1526 0.9769 0.6892946029282582
0.0234 0.0870 0.0660 0.1764 0.9788 0.6892946029282582
0.0000 0.0885 0.0626 0.1511 0.9788 0.6892946029282582
0.0000 0.0877 0.0629 0.1506 0.9760 0.6892946029282582
0.0000 0.0867 0.0643 0.1511 0.9760 0.6892946029282582
0.0144 0.0861 0.0654 0.1659 0.8993 0.6913848227373588
0.0000 0.0867 0.0626 0.1493 0.8993 0.6913848227373588
0.0000 0.0851 0.0637 0.1489 0.9781 0.6913848227373588
0.0280 0.0838 0.0655 0.1773 0.9781 0.6913848227373588
0.0000 0.0857 0.0628 0.1485 0.9755 0.6913848227373588
0.0000 0.0842 0.0640 0.1482 0.9755 0.6913848227373588
0.0000 0.0828 0.0659 0.1487 0.9775 0.6913848227373588
0.0340 0.0820 0.0673 0.1834 0.9775 0.6913848227373588
0.0000 0.0842 0.0633 0.1475 0.9751 0.6913848227373588
0.0000 0.0833 0.0625 0.1459 0.9751 0.6913848227373588
0.0000 0.0828 0.0627 0.1455 0.9022 0.7185286039993731
0.0003 0.0824 0.0628 0.1455 0.9022 0.7185286039993731
0.0000 0.0845 0.0591 0.1435 0.9756 0.7185286039993731
0.0000 0.0845 0.0583 0.1428 0.9756 0.7185286039993731
0.0000 0.0847 0.0583 0.1431 0.9781 0.7185286039993731
0.0214 0.0851 0.0586 0.1650 0.9781 0.7185286039993731
0.0000 0.0870 0.0551 0.1422 0.9737 0.7185286039993731
0.0000 0.0870 0.0551 0.1421 0.9737 0.7185286039993731
0.0000 0.0866 0.0561 0.1427 0.9739 0.7185286039993731
0.0000 0.0862 0.0572 0.1433 0.9739 0.7185286039993731
0.0000 0.0855 0.0578 0.1433 0.8953 0.6987321772260886
0.0000 0.0846 0.0578 0.1424 0.8953 0.6987321772260886
0.0036 0.0837 0.0573 0.1446 0.9774 0.6987321772260886
0.0000 0.0858 0.0542 0.1401 0.9774 0.6987321772260886
0.0000 0.0854 0.0543 0.1397 0.9735 0.6987321772260886
0.0000 0.0850 0.0546 0.1396 0.9735 0.6987321772260886
0.0000 0.0848 0.0548 0.1396 0.9753 0.6987321772260886
0.0000 0.0846 0.0548 0.1394 0.9753 0.6987321772260886
0.0053 0.0845 0.0544 0.1443 0.9769 0.6987321772260886
0.0000 0.0863 0.0517 0.1380 0.9769 0.6987321772260886
0.0000 0.0859 0.0516 0.1375 0.8813 0.6589353040532259
0.0000 0.0853 0.0516 0.1369 0.8813 0.6589353040532259
0.0000 0.0848 0.0517 0.1365 0.9754 0.6589353040532259
0.0000 0.0846 0.0522 0.1368 0.9754 0.6589353040532259
0.0000 0.0842 0.0524 0.1367 0.9773 0.6589353040532259
0.0000 0.0835 0.0523 0.1358 0.9773 0.6589353040532259
0.0000 0.0828 0.0521 0.1349 0.9777 0.6589353040532259
0.0000 0.0824 0.0519 0.1342 0.9777 0.6589353040532259
0.0026 0.0819 0.0517 0.1363 0.9780 0.6589353040532259
0.0000 0.0855 0.0496 0.1350 0.9780 0.6589353040532259
0.0000 0.0845 0.0493 0.1339 0.8917 0.6900896230805581
0.0000 0.0855 0.0494 0.1349 0.8917 0.6900896230805581
0.0000 0.0861 0.0496 0.1357 0.9753 0.6900896230805581
0.0000 0.0853 0.0499 0.1352 0.9753 0.6900896230805581
0.0000 0.0836 0.0501 0.1337 0.9760 0.6900896230805581
0.0000 0.0822 0.0500 0.1323 0.9760 0.6900896230805581
0.0000 0.0817 0.0500 0.1317 0.9769 0.6900896230805581
0.0000 0.0810 0.0497 0.1307 0.9769 0.6900896230805581
0.0282 0.0801 0.0494 0.1577 0.9791 0.6900896230805581
0.0000 0.0844 0.0472 0.1316 0.9791 0.6900896230805581
0.0000 0.0838 0.0470 0.1308 0.8942 0.7019442557124156
0.0000 0.0849 0.0475 0.1324 0.8942 0.7019442557124156
0.0000 0.0856 0.0484 0.1340 0.9762 0.7019442557124156
0.0000 0.0841 0.0491 0.1332 0.9762 0.7019442557124156
0.0000 0.0821 0.0495 0.1316 0.9762 0.7019442557124156
0.0000 0.0815 0.0493 0.1308 0.9762 0.7019442557124156
0.0000 0.0819 0.0487 0.1306 0.9745 0.7019442557124156
0.0000 0.0827 0.0476 0.1302 0.9745 0.7019442557124156
0.0000 0.0833 0.0459 0.1292 0.9751 0.7019442557124156
0.0000 0.0841 0.0442 0.1283 0.9751 0.7019442557124156
0.0051 0.0849 0.0430 0.1329 0.8769 0.6530013738659847
0.0000 0.0870 0.0412 0.1282 0.8769 0.6530013738659847
0.0000 0.0862 0.0421 0.1282 0.9739 0.6530013738659847
0.0000 0.0847 0.0437 0.1284 0.9739 0.6530013738659847
0.0000 0.0836 0.0456 0.1292 0.9756 0.6530013738659847
0.0000 0.0822 0.0473 0.1295 0.9756 0.6530013738659847
0.0000 0.0808 0.0481 0.1289 0.9761 0.6530013738659847
0.0000 0.0801 0.0480 0.1281 0.9761 0.6530013738659847
0.0000 0.0800 0.0470 0.1270 0.9759 0.6530013738659847
0.0000 0.0801 0.0453 0.1254 0.9759 0.6530013738659847
0.0000 0.0806 0.0434 0.1240 0.9024 0.7295853100388411
0.0099 0.0814 0.0418 0.1332 0.9024 0.7295853100388411
0.0000 0.0856 0.0400 0.1255 0.9736 0.7295853100388411
0.0000 0.0856 0.0401 0.1257 0.9736 0.7295853100388411
0.0000 0.0848 0.0415 0.1263 0.9755 0.7295853100388411
0.0000 0.0832 0.0436 0.1268 0.9755 0.7295853100388411
0.0000 0.0811 0.0454 0.1264 0.9781 0.7295853100388411
0.0197 0.0790 0.0467 0.1454 0.9781 0.7295853100388411
0.0000 0.0811 0.0461 0.1272 0.9735 0.7295853100388411
0.0000 0.0808 0.0467 0.1275 0.9735 0.7295853100388411
0.0000 0.0803 0.0459 0.1262 0.9012 0.7105711434529327
0.0000 0.0801 0.0444 0.1245 0.9012 0.7105711434529327
0.0000 0.0811 0.0426 0.1237 0.9783 0.7105711434529327
0.0000 0.0822 0.0412 0.1234 0.9783 0.7105711434529327
0.0000 0.0811 0.0406 0.1217 0.9794 0.7105711434529327
0.0000 0.0793 0.0409 0.1202 0.9794 0.7105711434529327
0.0103 0.0779 0.0420 0.1303 0.9794 0.7105711434529327
0.0000 0.0842 0.0414 0.1256 0.9794 0.7105711434529327
0.0000 0.0813 0.0415 0.1228 0.9746 0.7105711434529327
0.0000 0.0810 0.0411 0.1221 0.9746 0.7105711434529327
0.0106 0.0837 0.0415 0.1358 0.8867 0.6847022185129216
0.0000 0.0829 0.0403 0.1232 0.8867 0.6847022185129216
0.0000 0.0823 0.0410 0.1233 0.9742 0.6847022185129216
0.0000 0.0825 0.0409 0.1234 0.9742 0.6847022185129216
0.0000 0.0830 0.0401 0.1231 0.9741 0.6847022185129216
0.0000 0.0833 0.0391 0.1224 0.9741 0.6847022185129216
0.0000 0.0835 0.0386 0.1221 0.9781 0.6847022185129216
0.0287 0.0824 0.0395 0.1506 0.9781 0.6847022185129216
0.0000 0.0829 0.0391 0.1221 0.9744 0.6847022185129216
0.0000 0.0809 0.0415 0.1224 0.9744 0.6847022185129216
0.0000 0.0797 0.0432 0.1229 0.9069 0.7358556702281804
0.0000 0.0794 0.0443 0.1237 0.9069 0.7358556702281804
0.0002 0.0790 0.0445 0.1237 0.9788 0.7358556702281804
0.0000 0.0807 0.0417 0.1224 0.9788 0.7358556702281804
0.0000 0.0811 0.0412 0.1223 0.9740 0.7358556702281804
0.0000 0.0819 0.0403 0.1222 0.9740 0.7358556702281804
0.0000 0.0836 0.0401 0.1236 0.9761 0.7358556702281804
0.0000 0.0849 0.0395 0.1244 0.9761 0.7358556702281804
0.0000 0.0833 0.0390 0.1223 0.9780 0.7358556702281804
0.0085 0.0807 0.0397 0.1289 0.9780 0.7358556702281804
