1.1728 0.6841 6.0913 7.9482 0.2008 0.02653157098591069
1.2633 0.6699 4.6692 6.6024 0.2008 0.02653157098591069
1.3420 0.6604 3.7037 5.7061 0.9767 0.02653157098591069
1.3782 0.6546 3.0585 5.0914 0.9767 0.02653157098591069
1.3787 0.6517 2.5996 4.6300 0.8550 0.02653157098591069
1.3564 0.6513 2.2515 4.2591 0.8550 0.02653157098591069
1.3106 0.6531 1.9834 3.9471 0.7383 0.02653157098591069
1.2335 0.6567 1.7811 3.6713 0.7383 0.02653157098591069
1.1214 0.6611 1.6418 3.4243 0.6604 0.02653157098591069
0.9899 0.6654 1.5517 3.2071 0.6604 0.02653157098591069
0.8595 0.6687 1.4914 3.0195 0.1861 0.0261405638657292
0.7453 0.6701 1.4362 2.8516 0.1861 0.0261405638657292
0.6562 0.6694 1.3728 2.6983 0.9537 0.0261405638657292
0.5911 0.6663 1.3041 2.5615 0.9537 0.0261405638657292
0.5485 0.6610 1.2384 2.4480 0.9893 0.0261405638657292
0.5216 0.6538 1.1832 2.3586 0.9893 0.0261405638657292
0.5016 0.6447 1.1404 2.2867 0.9930 0.0261405638657292
0.4744 0.6337 1.1066 2.2146 0.9930 0.0261405638657292
0.4429 0.6210 1.0789 2.1428 0.9954 0.0261405638657292
0.4177 0.6069 1.0535 2.0781 0.9954 0.0261405638657292
0.3960 0.5912 1.0280 2.0152 0.7103 0.07406252271645067
0.3730 0.5736 0.9990 1.9456 0.7103 0.07406252271645067
0.3461 0.5540 0.9698 1.8699 0.9978 0.07406252271645067
0.3180 0.5331 0.9428 1.7938 0.9978 0.07406252271645067
0.2894 0.5114 0.9158 1.7165 0.9982 0.07406252271645067
0.2606 0.4893 0.8889 1.6389 0.9982 0.07406252271645067
0.2305 0.4670 0.8628 1.5603 0.9985 0.07406252271645067
0.2040 0.4445 0.8389 1.4874 0.9985 0.07406252271645067
0.1751 0.4221 0.8182 1.4154 0.9988 0.07406252271645067
0.1423 0.4001 0.8006 1.3430 0.9988 0.07406252271645067
0.1085 0.3791 0.7844 1.2719 0.8609 0.223649228415619
0.0718 0.3605 0.7696 1.2018 0.8609 0.223649228415619
0.0284 0.3443 0.7564 1.1292 0.9994 0.223649228415619
0.0000 0.3295 0.7432 1.0726 0.9994 0.223649228415619
0.0178 0.3139 0.7195 1.0512 0.9995 0.223649228415619
0.0000 0.2995 0.7042 1.0037 0.9995 0.223649228415619
0.0000 0.2845 0.6850 0.9694 0.9981 0.223649228415619
0.0793 0.2676 0.6656 1.0125 0.9981 0.223649228415619
0.0000 0.2492 0.6547 0.9039 0.9983 0.223649228415619
0.0285 0.2319 0.6452 0.9056 0.9983 0.223649228415619
0.0000 0.2203 0.6411 0.8614 0.8719 0.39543288465920184
0.0000 0.2088 0.6328 0.8416 0.8719 0.39543288465920184
0.0321 0.1969 0.6190 0.8480 0.9993 0.39543288465920184
0.0000 0.1877 0.6052 0.7929 0.9993 0.39543288465920184
0.0092 0.1785 0.5890 0.7768 0.9993 0.39543288465920184
0.0000 0.1734 0.5741 0.7475 0.9993 0.39543288465920184
0.0078 0.1675 0.5575 0.7329 0.9994 0.39543288465920184
0.0000 0.1645 0.5451 0.7096 0.9994 0.39543288465920184
0.0000 0.1605 0.5318 0.6923 0.9995 0.39543288465920184
0.0336 0.1551 0.5176 0.7064 0.9995 0.39543288465920184
0.0000 0.1510 0.5104 0.6614 0.8807 0.42810997325909794
0.0000 0.1468 0.5068 0.6536 0.8807 0.42810997325909794
0.0423 0.1419 0.5018 0.6861 0.9995 0.42810997325909794
0.0000 0.1409 0.4962 0.6370 0.9995 0.42810997325909794
0.0000 0.1395 0.4907 0.6302 0.9991 0.42810997325909794
0.0000 0.1371 0.4825 0.6197 0.9991 0.42810997325909794
0.0261 0.1337 0.4714 0.6311 0.9991 0.42810997325909794
0.0000 0.1307 0.4591 0.5898 0.9991 0.42810997325909794
0.0000 0.1283 0.4504 0.5787 0.9992 0.42810997325909794
0.0208 0.1259 0.4430 0.5897 0.9992 0.42810997325909794
0.0000 0.1283 0.4323 0.5606 0.9035 0.6124959579436549
0.0000 0.1310 0.4259 0.5569 0.9035 0.6124959579436549
0.0078 0.1320 0.4202 0.5600 0.9988 0.6124959579436549
0.0000 0.1273 0.4138 0.5411 0.9988 0.6124959579436549
0.0000 0.1237 0.4117 0.5354 0.9990 0.6124959579436549
0.0000 0.1202 0.4095 0.5296 0.9990 0.6124959579436549
0.0594 0.1170 0.4054 0.5818 0.9990 0.6124959579436549
0.0000 0.1155 0.3975 0.5130 0.9990 0.6124959579436549
0.0000 0.1147 0.3950 0.5097 0.9990 0.6124959579436549
0.0082 0.1141 0.3929 0.5152 0.9990 0.6124959579436549
0.0000 0.1146 0.3865 0.5011 0.9018 0.5953295438486916
0.0000 0.1154 0.3814 0.4968 0.9018 0.5953295438486916
0.0000 0.1158 0.3762 0.4920 0.9991 0.5953295438486916
0.0078 0.1152 0.3702 0.4932 0.9991 0.5953295438486916
0.0000 0.1126 0.3627 0.4753 0.9991 0.5953295438486916
0.0000 0.1112 0.3596 0.4708 0.9991 0.5953295438486916
0.0000 0.1101 0.3570 0.4672 0.9991 0.5953295438486916
0.0285 0.1093 0.3539 0.4916 0.9991 0.5953295438486916
0.0000 0.1083 0.3476 0.4559 0.9991 0.5953295438486916
0.0000 0.1079 0.3467 0.4547 0.9991 0.5953295438486916
0.0000 0.1077 0.3466 0.4543 0.9034 0.6123643248906997
0.0193 0.1074 0.3447 0.4714 0.9034 0.6123643248906997
0.0000 0.1074 0.3373 0.4447 0.9991 0.6123643248906997
0.0000 0.1079 0.3340 0.4419 0.9991 0.6123643248906997
0.0000 0.1083 0.3312 0.4395 0.9992 0.6123643248906997
0.0000 0.1082 0.3275 0.4357 0.9992 0.6123643248906997
0.0000 0.1077 0.3227 0.4304 0.9992 0.6123643248906997
0.0232 0.1069 0.3174 0.4475 0.9992 0.6123643248906997
0.0000 0.1056 0.3106 0.4162 0.9992 0.6123643248906997
0.0000 0.1049 0.3106 0.4156 0.9992 0.6123643248906997
0.0000 0.1045 0.3112 0.4156 0.9077 0.6439831506655597
0.0000 0.1040 0.3100 0.4140 0.9077 0.6439831506655597
0.0169 0.1035 0.3068 0.4272 0.9994 0.6439831506655597
0.0000 0.1035 0.3001 0.4036 0.9994 0.6439831506655597
0.0000 0.1043 0.2989 0.4032 0.9992 0.6439831506655597
0.0000 0.1052 0.2990 0.4041 0.9992 0.6439831506655597
0.0000 0.1054 0.2978 0.4033 0.9992 0.6439831506655597
0.0084 0.1049 0.2946 0.4078 0.9992 0.6439831506655597
0.0000 0.1028 0.2866 0.3895 0.9992 0.6439831506655597
0.0000 0.1020 0.2861 0.3881 0.9992 0.6439831506655597
0.0000 0.1016 0.2872 0.3888 0.9086 0.6632994441914718
0.0000 0.1013 0.2876 0.3889 0.9086 0.6632994441914718
0.0262 0.1011 0.2863 0.4136 0.9992 0.6632994441914718
0.0000 0.1003 0.2795 0.3797 0.9992 0.6632994441914718
0.0000 0.1003 0.2785 0.3788 0.9992 0.6632994441914718
0.0000 0.1006 0.2785 0.3791 0.9992 0.6632994441914718
0.0000 0.1007 0.2776 0.3783 0.9992 0.6632994441914718
0.0000 0.1004 0.2754 0.3758 0.9992 0.6632994441914718
0.0127 0.0999 0.2723 0.3849 0.9992 0.6632994441914718
0.0000 0.0983 0.2660 0.3643 0.9992 0.6632994441914718
0.0000 0.0976 0.2660 0.3636 0.9078 0.649673463772966
0.0000 0.0972 0.2670 0.3642 0.9078 0.649673463772966
0.0000 0.0968 0.2674 0.3642 0.9994 0.649673463772966
0.0075 0.0966 0.2661 0.3702 0.9994 0.649673463772966
0.0000 0.0963 0.2599 0.3562 0.9994 0.649673463772966
0.0000 0.0968 0.2592 0.3560 0.9994 0.649673463772966
0.0000 0.0976 0.2595 0.3571 0.9992 0.649673463772966
0.0000 0.0980 0.2588 0.3568 0.9992 0.649673463772966
0.0000 0.0978 0.2563 0.3541 0.9992 0.649673463772966
0.0000 0.0972 0.2521 0.3493 0.9992 0.649673463772966
0.0000 0.0965 0.2473 0.3438 0.9009 0.6288980258651404
0.0000 0.0961 0.2427 0.3389 0.9009 0.6288980258651404
0.0000 0.0960 0.2385 0.3345 0.9993 0.6288980258651404
0.0000 0.0959 0.2348 0.3307 0.9993 0.6288980258651404
0.0000 0.0958 0.2313 0.3272 0.9994 0.6288980258651404
0.0000 0.0957 0.2280 0.3238 0.9994 0.6288980258651404
0.0000 0.0956 0.2248 0.3204 0.9994 0.6288980258651404
0.0000 0.0955 0.2214 0.3169 0.9994 0.6288980258651404
0.0000 0.0954 0.2181 0.3135 0.9994 0.6288980258651404
0.0000 0.0954 0.2151 0.3105 0.9994 0.6288980258651404
0.0000 0.0954 0.2122 0.3076 0.8984 0.5904470487731482
0.0000 0.0956 0.2091 0.3047 0.8984 0.5904470487731482
0.0000 0.0958 0.2059 0.3016 0.9994 0.5904470487731482
0.0000 0.0960 0.2026 0.2986 0.9994 0.5904470487731482
0.0000 0.0962 0.1995 0.2957 0.9994 0.5904470487731482
0.0000 0.0964 0.1965 0.2929 0.9994 0.5904470487731482
0.0000 0.0965 0.1937 0.2902 0.9994 0.5904470487731482
0.0000 0.0966 0.1911 0.2877 0.9994 0.5904470487731482
0.0000 0.0965 0.1886 0.2852 0.9994 0.5904470487731482
0.0000 0.0965 0.1863 0.2827 0.9994 0.5904470487731482
0.0000 0.0964 0.1841 0.2804 0.8979 0.5650123739537009
0.0000 0.0962 0.1820 0.2782 0.8979 0.5650123739537009
0.0000 0.0960 0.1801 0.2761 0.9994 0.5650123739537009
0.0000 0.0957 0.1783 0.2741 0.9994 0.5650123739537009
0.0000 0.0955 0.1766 0.2721 0.9994 0.5650123739537009
0.0000 0.0952 0.1749 0.2701 0.9994 0.5650123739537009
0.0000 0.0949 0.1733 0.2682 0.9994 0.5650123739537009
0.0000 0.0946 0.1716 0.2663 0.9994 0.5650123739537009
0.0000 0.0943 0.1700 0.2644 0.9994 0.5650123739537009
0.0000 0.0940 0.1685 0.2625 0.9994 0.5650123739537009
0.0000 0.0936 0.1670 0.2606 0.9032 0.5728120357484824
0.0000 0.0932 0.1656 0.2588 0.9032 0.5728120357484824
0.0000 0.0928 0.1642 0.2570 0.9994 0.5728120357484824
0.0000 0.0923 0.1629 0.2553 0.9994 0.5728120357484824
0.0000 0.0918 0.1617 0.2536 0.9994 0.5728120357484824
0.0000 0.0913 0.1606 0.2519 0.9994 0.5728120357484824
0.0000 0.0908 0.1595 0.2503 0.9994 0.5728120357484824
0.0000 0.0902 0.1584 0.2486 0.9994 0.5728120357484824
0.0000 0.0896 0.1573 0.2470 0.9994 0.5728120357484824
0.0000 0.0890 0.1563 0.2453 0.9994 0.5728120357484824
0.0000 0.0884 0.1553 0.2437 0.9065 0.5778308533324923
0.0000 0.0877 0.1543 0.2420 0.9065 0.5778308533324923
0.0000 0.0870 0.1534 0.2404 0.9995 0.5778308533324923
0.0000 0.0862 0.1525 0.2388 0.9995 0.5778308533324923
0.0004 0.0854 0.1517 0.2375 0.9995 0.5778308533324923
0.0000 0.0896 0.1573 0.2469 0.9995 0.5778308533324923
0.0416 0.1026 0.1705 0.3146 0.9964 0.5778308533324923
0.0000 0.0872 0.1706 0.2578 0.9964 0.5778308533324923
0.0000 0.0829 0.1835 0.2664 0.9984 0.5778308533324923
0.0557 0.0787 0.1919 0.3263 0.9984 0.5778308533324923
0.0000 0.0726 0.1891 0.2617 0.9066 0.6656443777139898
0.0037 0.0701 0.1933 0.2671 0.9066 0.6656443777139898
0.0000 0.0690 0.1970 0.2660 0.9994 0.6656443777139898
0.0028 0.0691 0.2028 0.2746 0.9994 0.6656443777139898
0.0000 0.0664 0.2005 0.2669 0.9993 0.6656443777139898
0.0000 0.0651 0.2060 0.2711 0.9993 0.6656443777139898
0.0000 0.0638 0.2124 0.2762 0.9994 0.6656443777139898
0.0024 0.0625 0.2157 0.2806 0.9994 0.6656443777139898
0.0000 0.0607 0.2098 0.2704 0.9993 0.6656443777139898
0.0000 0.0591 0.2123 0.2714 0.9993 0.6656443777139898
0.0000 0.0579 0.2156 0.2734 0.9112 0.692950773639721
0.0000 0.0566 0.2167 0.2733 0.9112 0.692950773639721
0.0000 0.0551 0.2156 0.2707 0.9991 0.692950773639721
0.0000 0.0537 0.2134 0.2671 0.9991 0.692950773639721
0.0000 0.0525 0.2110 0.2635 0.9993 0.692950773639721
0.0000 0.0513 0.2084 0.2597 0.9993 0.692950773639721
0.0000 0.0501 0.2056 0.2557 0.9992 0.692950773639721
0.0000 0.0487 0.2026 0.2513 0.9992 0.692950773639721
0.0000 0.0473 0.1993 0.2466 0.9993 0.692950773639721
0.0000 0.0459 0.1963 0.2422 0.9993 0.692950773639721
0.0000 0.0446 0.1934 0.2380 0.8844 0.5445215993951493
0.0000 0.0434 0.1903 0.2338 0.8844 0.5445215993951493
0.0000 0.0424 0.1871 0.2295 0.9994 0.5445215993951493
0.0000 0.0414 0.1840 0.2254 0.9994 0.5445215993951493
0.0000 0.0405 0.1808 0.2213 0.9995 0.5445215993951493
0.0000 0.0398 0.1775 0.2172 0.9995 0.5445215993951493
0.0000 0.0391 0.1741 0.2132 0.9995 0.5445215993951493
0.0000 0.0385 0.1710 0.2094 0.9995 0.5445215993951493
0.0000 0.0379 0.1680 0.2059 0.9995 0.5445215993951493
0.0000 0.0374 0.1652 0.2026 0.9995 0.5445215993951493
0.0000 0.0368 0.1627 0.1994 0.8821 0.5445484045047007
0.0000 0.0362 0.1602 0.1964 0.8821 0.5445484045047007
0.0000 0.0355 0.1578 0.1933 0.9996 0.5445484045047007
0.0000 0.0348 0.1557 0.1905 0.9996 0.5445484045047007
0.0000 0.0341 0.1536 0.1877 0.9997 0.5445484045047007
0.0000 0.0333 0.1517 0.1850 0.9997 0.5445484045047007
0.0000 0.0326 0.1499 0.1826 0.9998 0.5445484045047007
0.0000 0.0319 0.1483 0.1802 0.9998 0.5445484045047007
0.0000 0.0312 0.1467 0.1779 0.9998 0.5445484045047007
0.0000 0.0306 0.1451 0.1758 0.9998 0.5445484045047007
0.0000 0.0301 0.1436 0.1737 0.8781 0.5093846156146784
0.0000 0.0296 0.1421 0.1717 0.8781 0.5093846156146784
0.0000 0.0292 0.1406 0.1698 0.9998 0.5093846156146784
0.0000 0.0288 0.1392 0.1679 0.9998 0.5093846156146784
0.0000 0.0283 0.1379 0.1662 0.9999 0.5093846156146784
0.0000 0.0277 0.1367 0.1644 0.9999 0.5093846156146784
0.0000 0.0272 0.1355 0.1627 0.9999 0.5093846156146784
0.0000 0.0268 0.1343 0.1611 0.9999 0.5093846156146784
0.0000 0.0263 0.1332 0.1595 0.9999 0.5093846156146784
0.0000 0.0260 0.1320 0.1580 0.9999 0.5093846156146784
0.0000 0.0256 0.1309 0.1565 0.8831 0.5082513847479095
0.0000 0.0253 0.1298 0.1551 0.8831 0.5082513847479095
0.0000 0.0249 0.1288 0.1537 0.9999 0.5082513847479095
0.0000 0.0245 0.1279 0.1523 0.9999 0.5082513847479095
0.0000 0.0241 0.1269 0.1510 0.9999 0.5082513847479095
0.0000 0.0238 0.1259 0.1498 0.9999 0.5082513847479095
0.0042 0.0235 0.1250 0.1527 0.9999 0.5082513847479095
0.0000 0.0266 0.1292 0.1558 0.9999 0.5082513847479095
0.0000 0.0347 0.1376 0.1722 0.9995 0.5082513847479095
0.0106 0.0348 0.1413 0.1867 0.9995 0.5082513847479095
0.0000 0.0235 0.1417 0.1651 0.8695 0.45853290429532334
0.0000 0.0233 0.1518 0.1751 0.8695 0.45853290429532334
0.0000 0.0203 0.1575 0.1777 0.9997 0.45853290429532334
0.0078 0.0176 0.1602 0.1856 0.9997 0.45853290429532334
0.0000 0.0151 0.1585 0.1736 0.9999 0.45853290429532334
0.0006 0.0162 0.1656 0.1824 0.9999 0.45853290429532334
0.0000 0.0141 0.1649 0.1789 0.9997 0.45853290429532334
0.0000 0.0138 0.1710 0.1848 0.9997 0.45853290429532334
0.0035 0.0141 0.1775 0.1951 0.9996 0.45853290429532334
0.0000 0.0125 0.1728 0.1853 0.9996 0.45853290429532334
0.0000 0.0119 0.1746 0.1865 0.9036 0.653324086267752
0.0000 0.0118 0.1772 0.1890 0.9036 0.653324086267752
0.0000 0.0119 0.1786 0.1905 0.9997 0.653324086267752
0.0010 0.0119 0.1780 0.1910 0.9997 0.653324086267752
0.0000 0.0117 0.1739 0.1856 0.9996 0.653324086267752
0.0000 0.0115 0.1760 0.1875 0.9996 0.653324086267752
0.0000 0.0115 0.1790 0.1905 0.9998 0.653324086267752
0.0000 0.0115 0.1792 0.1907 0.9998 0.653324086267752
0.0000 0.0115 0.1764 0.1879 0.9999 0.653324086267752
0.0000 0.0116 0.1726 0.1842 0.9999 0.653324086267752
0.0000 0.0117 0.1691 0.1808 0.8877 0.5662216032383246
0.0000 0.0119 0.1655 0.1774 0.8877 0.5662216032383246
0.0000 0.0122 0.1623 0.1745 0.9997 0.5662216032383246
0.0000 0.0123 0.1592 0.1715 0.9997 0.5662216032383246
0.0000 0.0124 0.1561 0.1686 0.9997 0.5662216032383246
0.0000 0.0126 0.1531 0.1656 0.9997 0.5662216032383246
0.0000 0.0128 0.1500 0.1628 0.9998 0.5662216032383246
0.0000 0.0131 0.1468 0.1599 0.9998 0.5662216032383246
0.0000 0.0135 0.1436 0.1571 0.9998 0.5662216032383246
0.0000 0.0139 0.1404 0.1543 0.9998 0.5662216032383246
0.0000 0.0143 0.1372 0.1516 0.8775 0.5337164831573419
0.0000 0.0148 0.1342 0.1490 0.8775 0.5337164831573419
0.0000 0.0153 0.1313 0.1466 0.9998 0.5337164831573419
0.0000 0.0157 0.1287 0.1444 0.9998 0.5337164831573419
0.0000 0.0161 0.1261 0.1422 0.9998 0.5337164831573419
0.0000 0.0165 0.1236 0.1401 0.9998 0.5337164831573419
0.0000 0.0168 0.1213 0.1381 0.9998 0.5337164831573419
0.0000 0.0171 0.1191 0.1362 0.9998 0.5337164831573419
0.0000 0.0175 0.1170 0.1345 0.9998 0.5337164831573419
0.0000 0.0178 0.1150 0.1328 0.9998 0.5337164831573419
0.0000 0.0180 0.1132 0.1312 0.8639 0.49683204406726356
0.0000 0.0183 0.1114 0.1296 0.8639 0.49683204406726356
0.0000 0.0185 0.1097 0.1282 0.9998 0.49683204406726356
0.0000 0.0187 0.1081 0.1267 0.9998 0.49683204406726356
0.0000 0.0188 0.1066 0.1254 0.9998 0.49683204406726356
0.0000 0.0189 0.1052 0.1241 0.9998 0.49683204406726356
0.0000 0.0190 0.1039 0.1229 0.9998 0.49683204406726356
0.0000 0.0191 0.1026 0.1216 0.9998 0.49683204406726356
0.0000 0.0191 0.1013 0.1205 0.9997 0.49683204406726356
0.0000 0.0191 0.1002 0.1193 0.9997 0.49683204406726356
0.0000 0.0191 0.0991 0.1182 0.8587 0.48052748456199407
0.0000 0.0191 0.0981 0.1172 0.8587 0.48052748456199407
0.0000 0.0190 0.0971 0.1161 0.9997 0.48052748456199407
0.0000 0.0190 0.0962 0.1151 0.9997 0.48052748456199407
0.0000 0.0189 0.0952 0.1141 0.9998 0.48052748456199407
0.0000 0.0188 0.0944 0.1132 0.9998 0.48052748456199407
0.0000 0.0187 0.0935 0.1122 0.9998 0.48052748456199407
0.0000 0.0186 0.0927 0.1113 0.9998 0.48052748456199407
0.0000 0.0185 0.0919 0.1104 0.9998 0.48052748456199407
0.0000 0.0184 0.0912 0.1096 0.9998 0.48052748456199407
0.0000 0.0183 0.0905 0.1088 0.8618 0.48576166318857755
0.0000 0.0181 0.0898 0.1079 0.8618 0.48576166318857755
0.0000 0.0180 0.0891 0.1071 0.9999 0.48576166318857755
0.0000 0.0179 0.0885 0.1063 0.9999 0.48576166318857755
0.0000 0.0178 0.0878 0.1056 0.9999 0.48576166318857755
0.0000 0.0176 0.0872 0.1048 0.9999 0.48576166318857755
0.0000 0.0175 0.0865 0.1041 0.9999 0.48576166318857755
0.0000 0.0174 0.0859 0.1033 0.9999 0.48576166318857755
0.0000 0.0173 0.0854 0.1026 0.9999 0.48576166318857755
0.0000 0.0171 0.0848 0.1019 0.9999 0.48576166318857755
0.0000 0.0170 0.0842 0.1012 0.8654 0.4876631021703545
0.0000 0.0169 0.0837 0.1005 0.8654 0.4876631021703545
0.0000 0.0168 0.0831 0.0999 0.9999 0.4876631021703545
0.0000 0.0167 0.0826 0.0992 0.9999 0.4876631021703545
0.0000 0.0166 0.0820 0.0986 0.9999 0.4876631021703545
0.0000 0.0164 0.0815 0.0979 0.9999 0.4876631021703545
0.0000 0.0163 0.0810 0.0973 0.9999 0.4876631021703545
0.0000 0.0162 0.0805 0.0967 0.9999 0.4876631021703545
0.0000 0.0161 0.0800 0.0961 0.9999 0.4876631021703545
0.0000 0.0160 0.0795 0.0955 0.9999 0.4876631021703545
0.0000 0.0159 0.0790 0.0949 0.8697 0.49023836956476424
0.0000 0.0159 0.0785 0.0944 0.8697 0.49023836956476424
0.0000 0.0158 0.0780 0.0938 0.9999 0.49023836956476424
0.0000 0.0157 0.0776 0.0932 0.9999 0.49023836956476424
0.0000 0.0156 0.0771 0.0927 0.9999 0.49023836956476424
0.0000 0.0155 0.0767 0.0922 0.9999 0.49023836956476424
0.0000 0.0154 0.0762 0.0916 0.9999 0.49023836956476424
0.0000 0.0153 0.0758 0.0911 0.9999 0.49023836956476424
0.0000 0.0152 0.0753 0.0906 0.9999 0.49023836956476424
0.0000 0.0152 0.0749 0.0901 0.9999 0.49023836956476424
0.0000 0.0151 0.0745 0.0896 0.8729 0.49339950400637084
0.0000 0.0150 0.0741 0.0891 0.8729 0.49339950400637084
0.0000 0.0149 0.0737 0.0886 0.9999 0.49339950400637084
0.0000 0.0148 0.0732 0.0881 0.9999 0.49339950400637084
0.0000 0.0148 0.0728 0.0876 0.9999 0.49339950400637084
0.0000 0.0147 0.0724 0.0871 0.9999 0.49339950400637084
0.0000 0.0146 0.0720 0.0866 0.9999 0.49339950400637084
0.0000 0.0146 0.0716 0.0862 0.9999 0.49339950400637084
0.0000 0.0145 0.0712 0.0857 0.9999 0.49339950400637084
0.0000 0.0145 0.0708 0.0853 0.9999 0.49339950400637084
0.0000 0.0144 0.0704 0.0848 0.8763 0.5005966165802914
0.0000 0.0143 0.0700 0.0844 0.8763 0.5005966165802914
0.0000 0.0143 0.0697 0.0839 1.0000 0.5005966165802914
0.0000 0.0142 0.0693 0.0835 1.0000 0.5005966165802914
0.0000 0.0142 0.0689 0.0831 1.0000 0.5005966165802914
0.0000 0.0141 0.0685 0.0826 1.0000 0.5005966165802914
0.0000 0.0141 0.0682 0.0822 1.0000 0.5005966165802914
0.0000 0.0140 0.0678 0.0818 1.0000 0.5005966165802914
0.0000 0.0139 0.0675 0.0814 1.0000 0.5005966165802914
0.0000 0.0139 0.0671 0.0810 1.0000 0.5005966165802914
0.0000 0.0138 0.0668 0.0806 0.8773 0.5017954433423091
0.0000 0.0138 0.0664 0.0802 0.8773 0.5017954433423091
0.0000 0.0137 0.0661 0.0798 1.0000 0.5017954433423091
0.0000 0.0137 0.0657 0.0794 1.0000 0.5017954433423091
0.0000 0.0136 0.0654 0.0790 1.0000 0.5017954433423091
0.0000 0.0136 0.0650 0.0786 1.0000 0.5017954433423091
0.0000 0.0135 0.0647 0.0782 1.0000 0.5017954433423091
0.0000 0.0135 0.0644 0.0778 1.0000 0.5017954433423091
0.0000 0.0134 0.0641 0.0775 1.0000 0.5017954433423091
0.0000 0.0134 0.0637 0.0771 1.0000 0.5017954433423091
0.0000 0.0133 0.0634 0.0767 0.8777 0.5016287399746998
0.0000 0.0133 0.0631 0.0764 0.8777 0.5016287399746998
0.0000 0.0132 0.0628 0.0760 1.0000 0.5016287399746998
0.0000 0.0132 0.0625 0.0756 1.0000 0.5016287399746998
0.0000 0.0131 0.0622 0.0753 1.0000 0.5016287399746998
0.0000 0.0131 0.0619 0.0750 1.0000 0.5016287399746998
0.0000 0.0131 0.0616 0.0746 1.0000 0.5016287399746998
0.0000 0.0130 0.0612 0.0743 1.0000 0.5016287399746998
0.0000 0.0130 0.0610 0.0739 1.0000 0.5016287399746998
0.0000 0.0129 0.0607 0.0736 1.0000 0.5016287399746998
0.0000 0.0129 0.0604 0.0732 0.8777 0.5016898144226656
0.0000 0.0128 0.0601 0.0729 0.8777 0.5016898144226656
0.0000 0.0128 0.0598 0.0726 1.0000 0.5016898144226656
0.0000 0.0127 0.0595 0.0722 1.0000 0.5016898144226656
0.0000 0.0127 0.0592 0.0719 1.0000 0.5016898144226656
0.0000 0.0127 0.0589 0.0716 1.0000 0.5016898144226656
0.0000 0.0126 0.0586 0.0712 1.0000 0.5016898144226656
0.0000 0.0126 0.0584 0.0709 1.0000 0.5016898144226656
0.0000 0.0125 0.0581 0.0706 1.0000 0.5016898144226656
0.0000 0.0125 0.0578 0.0703 1.0000 0.5016898144226656
0.0000 0.0125 0.0575 0.0700 0.8759 0.497550572494043
0.0000 0.0124 0.0573 0.0697 0.8759 0.497550572494043
0.0000 0.0124 0.0570 0.0694 1.0000 0.497550572494043
0.0000 0.0123 0.0567 0.0691 1.0000 0.497550572494043
0.0000 0.0123 0.0565 0.0688 1.0000 0.497550572494043
0.0000 0.0123 0.0562 0.0685 1.0000 0.497550572494043
0.0000 0.0122 0.0560 0.0682 1.0000 0.497550572494043
0.0000 0.0122 0.0557 0.0679 1.0000 0.497550572494043
0.0000 0.0121 0.0555 0.0676 1.0000 0.497550572494043
0.0000 0.0121 0.0552 0.0673 1.0000 0.497550572494043
0.0000 0.0121 0.0549 0.0670 0.8758 0.49592054127009894
0.0000 0.0120 0.0547 0.0667 0.8758 0.49592054127009894
0.0000 0.0120 0.0544 0.0664 1.0000 0.49592054127009894
0.0000 0.0120 0.0542 0.0662 1.0000 0.49592054127009894
0.0000 0.0119 0.0539 0.0659 1.0000 0.49592054127009894
0.0000 0.0119 0.0537 0.0656 1.0000 0.49592054127009894
0.0000 0.0119 0.0534 0.0653 1.0000 0.49592054127009894
0.0000 0.0118 0.0532 0.0650 1.0000 0.49592054127009894
0.0000 0.0118 0.0530 0.0648 1.0000 0.49592054127009894
0.0000 0.0118 0.0527 0.0645 1.0000 0.49592054127009894
0.0000 0.0117 0.0525 0.0642 0.8761 0.49703345979315505
0.0000 0.0117 0.0522 0.0639 0.8761 0.49703345979315505
0.0000 0.0117 0.0520 0.0637 1.0000 0.49703345979315505
0.0000 0.0116 0.0518 0.0634 1.0000 0.49703345979315505
0.0000 0.0116 0.0515 0.0631 1.0000 0.49703345979315505
0.0000 0.0116 0.0513 0.0629 1.0000 0.49703345979315505
0.0000 0.0115 0.0511 0.0626 1.0000 0.49703345979315505
0.0000 0.0115 0.0509 0.0624 1.0000 0.49703345979315505
0.0000 0.0115 0.0506 0.0621 1.0000 0.49703345979315505
0.0000 0.0114 0.0504 0.0619 1.0000 0.49703345979315505
0.0000 0.0114 0.0502 0.0616 0.8757 0.49696589463831725
0.0000 0.0114 0.0500 0.0614 0.8757 0.49696589463831725
0.0000 0.0113 0.0498 0.0611 1.0000 0.49696589463831725
0.0000 0.0113 0.0496 0.0609 1.0000 0.49696589463831725
0.0000 0.0113 0.0494 0.0607 1.0000 0.49696589463831725
0.0000 0.0112 0.0492 0.0604 1.0000 0.49696589463831725
0.0000 0.0112 0.0490 0.0602 1.0000 0.49696589463831725
0.0000 0.0112 0.0488 0.0600 1.0000 0.49696589463831725
0.0000 0.0111 0.0486 0.0597 1.0000 0.49696589463831725
0.0000 0.0111 0.0484 0.0595 1.0000 0.49696589463831725
0.0000 0.0111 0.0482 0.0592 0.8738 0.49186685894673327
0.0000 0.0110 0.0480 0.0590 0.8738 0.49186685894673327
0.0000 0.0110 0.0478 0.0588 1.0000 0.49186685894673327
0.0000 0.0110 0.0476 0.0585 1.0000 0.49186685894673327
0.0000 0.0109 0.0474 0.0583 1.0000 0.49186685894673327
0.0000 0.0109 0.0472 0.0581 1.0000 0.49186685894673327
0.0000 0.0109 0.0470 0.0579 1.0000 0.49186685894673327
0.0000 0.0109 0.0468 0.0576 1.0000 0.49186685894673327
0.0000 0.0108 0.0466 0.0574 1.0000 0.49186685894673327
0.0000 0.0108 0.0464 0.0572 1.0000 0.49186685894673327
0.0000 0.0108 0.0462 0.0570 0.8729 0.48964034923990885
0.0000 0.0107 0.0460 0.0567 0.8729 0.48964034923990885
0.0000 0.0107 0.0458 0.0565 1.0000 0.48964034923990885
0.0000 0.0107 0.0456 0.0563 1.0000 0.48964034923990885
0.0000 0.0107 0.0454 0.0561 1.0000 0.48964034923990885
0.0000 0.0106 0.0452 0.0559 1.0000 0.48964034923990885
0.0000 0.0106 0.0451 0.0557 1.0000 0.48964034923990885
0.0000 0.0106 0.0449 0.0555 1.0000 0.48964034923990885
0.0000 0.0105 0.0447 0.0553 1.0000 0.48964034923990885
0.0000 0.0105 0.0446 0.0551 1.0000 0.48964034923990885
0.0000 0.0105 0.0444 0.0549 0.8715 0.48602649825769156
0.0000 0.0105 0.0442 0.0547 0.8715 0.48602649825769156
0.0000 0.0104 0.0440 0.0545 1.0000 0.48602649825769156
0.0000 0.0104 0.0439 0.0543 1.0000 0.48602649825769156
0.0000 0.0104 0.0437 0.0541 1.0000 0.48602649825769156
0.0000 0.0104 0.0435 0.0539 1.0000 0.48602649825769156
0.0000 0.0103 0.0434 0.0537 1.0000 0.48602649825769156
0.0000 0.0103 0.0432 0.0535 1.0000 0.48602649825769156
0.0000 0.0103 0.0430 0.0533 1.0000 0.48602649825769156
0.0000 0.0102 0.0429 0.0531 1.0000 0.48602649825769156
0.0000 0.0102 0.0427 0.0529 0.8695 0.4802318898767443
0.0000 0.0102 0.0425 0.0527 0.8695 0.4802318898767443
0.0000 0.0102 0.0424 0.0525 1.0000 0.4802318898767443
0.0000 0.0101 0.0422 0.0523 1.0000 0.4802318898767443
0.0000 0.0101 0.0420 0.0521 1.0000 0.4802318898767443
0.0000 0.0101 0.0419 0.0520 1.0000 0.4802318898767443
0.0000 0.0101 0.0417 0.0518 1.0000 0.4802318898767443
0.0000 0.0100 0.0416 0.0516 1.0000 0.4802318898767443
0.0000 0.0100 0.0414 0.0514 1.0000 0.4802318898767443
0.0000 0.0100 0.0412 0.0512 1.0000 0.4802318898767443
0.0000 0.0099 0.0411 0.0510 0.8684 0.4792379642730505
0.0000 0.0099 0.0409 0.0509 0.8684 0.4792379642730505
0.0000 0.0099 0.0408 0.0507 1.0000 0.4792379642730505
0.0000 0.0099 0.0406 0.0505 1.0000 0.4792379642730505
0.0000 0.0099 0.0405 0.0503 1.0000 0.4792379642730505
0.0000 0.0098 0.0403 0.0501 1.0000 0.4792379642730505
0.0000 0.0098 0.0402 0.0500 1.0000 0.4792379642730505
0.0000 0.0098 0.0400 0.0498 1.0000 0.4792379642730505
0.0000 0.0098 0.0399 0.0496 1.0000 0.4792379642730505
0.0000 0.0097 0.0397 0.0495 1.0000 0.4792379642730505
0.0000 0.0097 0.0396 0.0493 0.8672 0.4781975416256297
0.0000 0.0097 0.0395 0.0491 0.8672 0.4781975416256297
0.0000 0.0096 0.0393 0.0490 1.0000 0.4781975416256297
0.0000 0.0096 0.0392 0.0488 1.0000 0.4781975416256297
0.0000 0.0096 0.0391 0.0487 1.0000 0.4781975416256297
0.0000 0.0096 0.0390 0.0485 1.0000 0.4781975416256297
0.0000 0.0095 0.0388 0.0483 1.0000 0.4781975416256297
0.0000 0.0095 0.0387 0.0482 1.0000 0.4781975416256297
0.0000 0.0095 0.0385 0.0480 1.0000 0.4781975416256297
0.0000 0.0095 0.0384 0.0479 1.0000 0.4781975416256297
0.0000 0.0094 0.0383 0.0477 0.8652 0.47458474306885945
0.0000 0.0094 0.0381 0.0475 0.8652 0.47458474306885945
0.0000 0.0094 0.0380 0.0474 1.0000 0.47458474306885945
0.0000 0.0094 0.0379 0.0472 1.0000 0.47458474306885945
0.0000 0.0093 0.0377 0.0471 1.0000 0.47458474306885945
0.0000 0.0093 0.0376 0.0469 1.0000 0.47458474306885945
0.0000 0.0093 0.0375 0.0468 1.0000 0.47458474306885945
0.0000 0.0093 0.0373 0.0466 1.0000 0.47458474306885945
0.0000 0.0092 0.0372 0.0464 1.0000 0.47458474306885945
0.0000 0.0092 0.0371 0.0463 1.0000 0.47458474306885945
0.0000 0.0092 0.0369 0.0461 0.8634 0.4727099185275847
0.0000 0.0092 0.0368 0.0460 0.8634 0.4727099185275847
0.0000 0.0092 0.0367 0.0458 1.0000 0.4727099185275847
0.0000 0.0091 0.0366 0.0457 1.0000 0.4727099185275847
0.0000 0.0091 0.0364 0.0455 1.0000 0.4727099185275847
0.0000 0.0091 0.0363 0.0454 1.0000 0.4727099185275847
0.0000 0.0091 0.0362 0.0452 1.0000 0.4727099185275847
0.0000 0.0090 0.0361 0.0451 1.0000 0.4727099185275847
0.0000 0.0090 0.0359 0.0450 1.0000 0.4727099185275847
0.0000 0.0090 0.0358 0.0448 1.0000 0.4727099185275847
0.0000 0.0090 0.0357 0.0447 0.8621 0.4722673959455848
0.0000 0.0090 0.0356 0.0445 0.8621 0.4722673959455848
0.0000 0.0089 0.0355 0.0444 1.0000 0.4722673959455848
0.0000 0.0089 0.0354 0.0442 1.0000 0.4722673959455848
0.0000 0.0089 0.0352 0.0441 1.0000 0.4722673959455848
0.0000 0.0088 0.0351 0.0440 1.0000 0.4722673959455848
0.0000 0.0088 0.0351 0.0439 1.0000 0.4722673959455848
0.0000 0.0088 0.0349 0.0437 1.0000 0.4722673959455848
0.0000 0.0088 0.0349 0.0436 1.0000 0.4722673959455848
0.0000 0.0087 0.0348 0.0435 1.0000 0.4722673959455848
