0.3049 0.6841 5.8422 6.8312 0.2026 0.026587777911710183
0.4023 0.6697 4.4671 5.5392 0.2026 0.026587777911710183
0.4892 0.6598 3.5415 4.6905 0.9872 0.026587777911710183
0.5327 0.6535 2.9267 4.1129 0.9872 0.026587777911710183
0.5406 0.6498 2.4912 3.6816 0.8906 0.026587777911710183
0.5273 0.6485 2.1579 3.3338 0.8906 0.026587777911710183
0.4926 0.6493 1.8986 3.0406 0.8056 0.026587777911710183
0.4273 0.6518 1.7016 2.7807 0.8056 0.026587777911710183
0.3249 0.6554 1.5614 2.5417 0.7523 0.026587777911710183
0.1952 0.6591 1.4744 2.3287 0.7523 0.026587777911710183
0.0592 0.6620 1.4224 2.1437 0.1435 0.02494862145264438
0.0000 0.6631 1.3774 2.0405 0.1435 0.02494862145264438
0.0000 0.6613 1.2934 1.9547 0.9810 0.02494862145264438
0.0000 0.6571 1.1973 1.8544 0.9810 0.02494862145264438
0.0000 0.6510 1.1111 1.7621 0.9973 0.02494862145264438
0.0000 0.6438 1.0442 1.6880 0.9973 0.02494862145264438
0.0541 0.6361 0.9904 1.6806 0.9987 0.02494862145264438
0.0004 0.6282 0.9459 1.5745 0.9987 0.02494862145264438
0.0000 0.6194 0.9133 1.5327 1.0000 0.02494862145264438
0.0000 0.6082 0.8833 1.4916 1.0000 0.02494862145264438
0.0000 0.5947 0.8507 1.4453 0.1984 0.026631192114495023
0.0000 0.5790 0.8155 1.3945 0.1984 0.026631192114495023
0.0000 0.5615 0.7804 1.3419 1.0000 0.026631192114495023
0.0000 0.5423 0.7478 1.2900 1.0000 0.026631192114495023
0.0000 0.5215 0.7186 1.2401 1.0000 0.026631192114495023
0.0000 0.4994 0.6925 1.1919 1.0000 0.026631192114495023
0.0036 0.4762 0.6689 1.1487 1.0000 0.026631192114495023
0.0000 0.4508 0.6503 1.1011 1.0000 0.026631192114495023
0.0000 0.4247 0.6358 1.0605 1.0000 0.026631192114495023
0.0000 0.3981 0.6225 1.0206 1.0000 0.026631192114495023
0.0000 0.3715 0.6091 0.9806 0.1854 0.026354906964776197
0.0000 0.3454 0.5954 0.9408 0.1854 0.026354906964776197
0.0000 0.3203 0.5816 0.9019 1.0000 0.026354906964776197
0.0000 0.2966 0.5681 0.8646 1.0000 0.026354906964776197
0.0000 0.2746 0.5549 0.8295 1.0000 0.026354906964776197
0.0000 0.2547 0.5420 0.7967 1.0000 0.026354906964776197
0.0000 0.2369 0.5293 0.7661 1.0000 0.026354906964776197
0.0000 0.2212 0.5165 0.7376 1.0000 0.026354906964776197
0.0000 0.2075 0.5038 0.7113 1.0000 0.026354906964776197
0.0000 0.1958 0.4912 0.6870 1.0000 0.026354906964776197
0.0000 0.1858 0.4786 0.6644 0.1454 0.02520159653511077
0.0000 0.1774 0.4660 0.6433 0.1454 0.02520159653511077
0.0045 0.1703 0.4534 0.6281 1.0000 0.02520159653511077
0.0000 0.1595 0.4459 0.6054 1.0000 0.02520159653511077
0.0000 0.1514 0.4397 0.5911 1.0000 0.02520159653511077
0.0000 0.1457 0.4326 0.5783 1.0000 0.02520159653511077
0.0000 0.1419 0.4236 0.5655 1.0000 0.02520159653511077
0.0000 0.1397 0.4124 0.5521 1.0000 0.02520159653511077
0.0000 0.1388 0.3994 0.5382 1.0000 0.02520159653511077
0.0000 0.1389 0.3853 0.5242 1.0000 0.02520159653511077
0.0000 0.1397 0.3713 0.5110 0.1746 0.025986501913369604
0.0000 0.1408 0.3582 0.4990 0.1746 0.025986501913369604
0.0000 0.1416 0.3463 0.4879 1.0000 0.025986501913369604
0.0000 0.1416 0.3360 0.4776 1.0000 0.025986501913369604
0.0203 0.1405 0.3275 0.4884 1.0000 0.025986501913369604
0.0000 0.1323 0.3302 0.4626 1.0000 0.025986501913369604
0.0000 0.1269 0.3378 0.4647 1.0000 0.025986501913369604
0.0000 0.1229 0.3429 0.4658 1.0000 0.025986501913369604
0.0000 0.1198 0.3432 0.4629 1.0000 0.025986501913369604
0.0000 0.1175 0.3391 0.4566 1.0000 0.025986501913369604
0.0000 0.1161 0.3319 0.4480 0.1970 0.026835501412388593
0.0000 0.1157 0.3230 0.4387 0.1970 0.026835501412388593
0.0000 0.1161 0.3135 0.4295 1.0000 0.026835501412388593
0.0000 0.1171 0.3041 0.4212 1.0000 0.026835501412388593
0.0000 0.1184 0.2958 0.4142 1.0000 0.026835501412388593
0.0000 0.1191 0.2887 0.4079 1.0000 0.026835501412388593
0.0000 0.1188 0.2825 0.4013 1.0000 0.026835501412388593
0.0000 0.1176 0.2770 0.3946 1.0000 0.026835501412388593
0.0000 0.1164 0.2720 0.3885 1.0000 0.026835501412388593
0.0000 0.1156 0.2674 0.3830 1.0000 0.026835501412388593
0.0000 0.1152 0.2627 0.3779 0.2582 0.028791674976892386
0.0000 0.1153 0.2578 0.3731 0.2582 0.028791674976892386
0.0000 0.1156 0.2530 0.3685 1.0000 0.028791674976892386
0.0000 0.1158 0.2483 0.3640 1.0000 0.028791674976892386
0.0000 0.1157 0.2440 0.3598 1.0000 0.028791674976892386
0.0000 0.1152 0.2405 0.3556 1.0000 0.028791674976892386
0.0000 0.1142 0.2374 0.3516 1.0000 0.028791674976892386
0.0000 0.1129 0.2348 0.3477 1.0000 0.028791674976892386
0.0000 0.1117 0.2325 0.3441 1.0000 0.028791674976892386
0.0000 0.1107 0.2300 0.3408 1.0000 0.028791674976892386
0.0000 0.1102 0.2273 0.3375 0.2329 0.027843414738418684
0.0000 0.1100 0.2243 0.3343 0.2329 0.027843414738418684
0.0000 0.1099 0.2212 0.3311 1.0000 0.027843414738418684
0.0000 0.1100 0.2181 0.3281 1.0000 0.027843414738418684
0.0000 0.1100 0.2151 0.3251 1.0000 0.027843414738418684
0.0000 0.1098 0.2123 0.3221 1.0000 0.027843414738418684
0.0000 0.1096 0.2097 0.3193 1.0000 0.027843414738418684
0.0000 0.1093 0.2074 0.3167 1.0000 0.027843414738418684
0.0000 0.1091 0.2051 0.3141 1.0000 0.027843414738418684
0.0000 0.1088 0.2029 0.3116 1.0000 0.027843414738418684
0.0000 0.1085 0.2007 0.3091 0.2931 0.030876471928242364
0.0000 0.1081 0.1986 0.3067 0.2931 0.030876471928242364
0.0000 0.1077 0.1966 0.3043 1.0000 0.030876471928242364
0.0000 0.1073 0.1947 0.3021 1.0000 0.030876471928242364
0.0000 0.1070 0.1929 0.2999 1.0000 0.030876471928242364
0.0000 0.1066 0.1911 0.2977 1.0000 0.030876471928242364
0.0000 0.1064 0.1892 0.2956 1.0000 0.030876471928242364
0.0038 0.1063 0.1873 0.2973 1.0000 0.030876471928242364
0.0000 0.1017 0.2254 0.3271 1.0000 0.030876471928242364
0.0000 0.0994 0.2641 0.3635 1.0000 0.030876471928242364
0.0000 0.0974 0.2761 0.3735 0.7384 0.08434151937301353
0.0000 0.0957 0.2818 0.3775 0.7384 0.08434151937301353
0.0000 0.0945 0.2867 0.3812 1.0000 0.08434151937301353
0.0000 0.0938 0.2888 0.3826 1.0000 0.08434151937301353
0.0000 0.0933 0.2871 0.3805 1.0000 0.08434151937301353
0.0000 0.0932 0.2811 0.3743 1.0000 0.08434151937301353
0.0000 0.0932 0.2717 0.3650 1.0000 0.08434151937301353
0.0000 0.0935 0.2605 0.3540 1.0000 0.08434151937301353
0.0000 0.0942 0.2481 0.3424 1.0000 0.08434151937301353
0.0000 0.0953 0.2359 0.3311 1.0000 0.08434151937301353
0.0000 0.0967 0.2240 0.3207 0.3562 0.033751223203429485
0.0000 0.0984 0.2135 0.3120 0.3562 0.033751223203429485
0.0000 0.1002 0.2051 0.3052 1.0000 0.033751223203429485
0.0000 0.1015 0.1977 0.2992 1.0000 0.033751223203429485
0.0000 0.1023 0.1915 0.2939 1.0000 0.033751223203429485
0.0000 0.1029 0.1866 0.2895 1.0000 0.033751223203429485
0.0000 0.1031 0.1829 0.2860 1.0000 0.033751223203429485
0.0000 0.1031 0.1800 0.2830 1.0000 0.033751223203429485
0.0000 0.1030 0.1773 0.2803 1.0000 0.033751223203429485
0.0000 0.1028 0.1750 0.2778 1.0000 0.033751223203429485
0.0000 0.1026 0.1725 0.2751 0.3587 0.03486710819047738
0.0000 0.1023 0.1701 0.2724 0.3587 0.03486710819047738
0.0000 0.1021 0.1679 0.2699 1.0000 0.03486710819047738
0.0000 0.1020 0.1656 0.2675 1.0000 0.03486710819047738
0.0000 0.1020 0.1630 0.2650 1.0000 0.03486710819047738
0.0000 0.1021 0.1604 0.2624 1.0000 0.03486710819047738
0.0000 0.1023 0.1577 0.2600 1.0000 0.03486710819047738
0.0000 0.1027 0.1552 0.2579 1.0000 0.03486710819047738
0.0000 0.1030 0.1531 0.2562 1.0000 0.03486710819047738
0.0000 0.1033 0.1512 0.2545 1.0000 0.03486710819047738
0.0000 0.1034 0.1494 0.2528 0.3730 0.034902490369344036
0.0000 0.1033 0.1479 0.2512 0.3730 0.034902490369344036
0.0000 0.1033 0.1464 0.2497 1.0000 0.034902490369344036
0.0000 0.1032 0.1450 0.2482 1.0000 0.034902490369344036
0.0000 0.1032 0.1436 0.2468 1.0000 0.034902490369344036
0.0000 0.1031 0.1423 0.2453 1.0000 0.034902490369344036
0.0000 0.1030 0.1409 0.2439 1.0000 0.034902490369344036
0.0000 0.1028 0.1397 0.2425 1.0000 0.034902490369344036
0.0000 0.1026 0.1385 0.2411 1.0000 0.034902490369344036
0.0000 0.1025 0.1374 0.2399 1.0000 0.034902490369344036
0.0000 0.1024 0.1363 0.2387 0.3592 0.03351071056266686
0.0000 0.1024 0.1351 0.2375 0.3592 0.03351071056266686
0.0000 0.1025 0.1338 0.2363 1.0000 0.03351071056266686
0.0000 0.1025 0.1326 0.2351 1.0000 0.03351071056266686
0.0000 0.1024 0.1315 0.2339 1.0000 0.03351071056266686
0.0000 0.1023 0.1305 0.2328 1.0000 0.03351071056266686
0.0000 0.1022 0.1296 0.2317 1.0000 0.03351071056266686
0.0000 0.1020 0.1287 0.2307 1.0000 0.03351071056266686
0.0000 0.1019 0.1278 0.2296 1.0000 0.03351071056266686
0.0000 0.1018 0.1269 0.2286 1.0000 0.03351071056266686
0.0000 0.1017 0.1260 0.2276 0.3641 0.03395630694127342
0.0000 0.1015 0.1251 0.2266 0.3641 0.03395630694127342
0.0000 0.1014 0.1242 0.2257 1.0000 0.03395630694127342
0.0000 0.1013 0.1234 0.2247 1.0000 0.03395630694127342
0.0000 0.1012 0.1225 0.2238 1.0000 0.03395630694127342
0.0000 0.1012 0.1217 0.2228 1.0000 0.03395630694127342
0.0000 0.1011 0.1208 0.2219 1.0000 0.03395630694127342
0.0000 0.1010 0.1200 0.2210 1.0000 0.03395630694127342
0.0000 0.1010 0.1192 0.2202 1.0000 0.03395630694127342
0.0000 0.1009 0.1184 0.2193 1.0000 0.03395630694127342
0.0000 0.1008 0.1177 0.2185 0.4227 0.03728187463886783
0.0000 0.1007 0.1169 0.2176 0.4227 0.03728187463886783
0.0000 0.1006 0.1162 0.2168 1.0000 0.03728187463886783
0.0000 0.1005 0.1155 0.2160 1.0000 0.03728187463886783
0.0000 0.1004 0.1148 0.2152 1.0000 0.03728187463886783
0.0000 0.1003 0.1140 0.2144 1.0000 0.03728187463886783
0.0000 0.1002 0.1133 0.2136 1.0000 0.03728187463886783
0.0000 0.1002 0.1126 0.2128 1.0000 0.03728187463886783
0.0000 0.1001 0.1119 0.2120 1.0000 0.03728187463886783
0.0000 0.1001 0.1112 0.2113 1.0000 0.03728187463886783
0.0000 0.1000 0.1105 0.2105 0.4486 0.03891492550046547
0.0000 0.1000 0.1098 0.2098 0.4486 0.03891492550046547
0.0000 0.0999 0.1092 0.2091 1.0000 0.03891492550046547
0.0000 0.0998 0.1085 0.2083 1.0000 0.03891492550046547
0.0000 0.0997 0.1079 0.2076 1.0000 0.03891492550046547
0.0000 0.0997 0.1073 0.2069 1.0000 0.03891492550046547
0.0000 0.0996 0.1066 0.2062 1.0000 0.03891492550046547
0.0000 0.0995 0.1060 0.2055 1.0000 0.03891492550046547
0.0000 0.0995 0.1054 0.2049 1.0000 0.03891492550046547
0.0000 0.0994 0.1048 0.2042 1.0000 0.03891492550046547
0.0000 0.0994 0.1041 0.2035 0.4557 0.039145992788048006
0.0000 0.0993 0.1035 0.2029 0.4557 0.039145992788048006
0.0000 0.0993 0.1029 0.2022 1.0000 0.039145992788048006
0.0000 0.0992 0.1023 0.2016 1.0000 0.039145992788048006
0.0000 0.0992 0.1017 0.2009 1.0000 0.039145992788048006
0.0000 0.0991 0.1012 0.2003 1.0000 0.039145992788048006
0.0000 0.0991 0.1006 0.1997 1.0000 0.039145992788048006
0.0000 0.0990 0.1000 0.1990 1.0000 0.039145992788048006
0.0000 0.0990 0.0995 0.1984 1.0000 0.039145992788048006
0.0000 0.0989 0.0989 0.1978 1.0000 0.039145992788048006
0.0000 0.0988 0.0984 0.1972 0.4370 0.037669710725815944
0.0000 0.0988 0.0978 0.1966 0.4370 0.037669710725815944
0.0000 0.0988 0.0972 0.1960 1.0000 0.037669710725815944
0.0000 0.0987 0.0967 0.1954 1.0000 0.037669710725815944
0.0000 0.0987 0.0962 0.1949 1.0000 0.037669710725815944
0.0000 0.0986 0.0956 0.1943 1.0000 0.037669710725815944
0.0000 0.0986 0.0951 0.1937 1.0000 0.037669710725815944
0.0000 0.0986 0.0946 0.1931 1.0000 0.037669710725815944
0.0000 0.0985 0.0941 0.1926 1.0000 0.037669710725815944
0.0000 0.0985 0.0936 0.1920 1.0000 0.037669710725815944
0.0000 0.0984 0.0931 0.1915 0.4276 0.03695328818674534
0.0000 0.0984 0.0926 0.1909 0.4276 0.03695328818674534
0.0000 0.0983 0.0921 0.1904 1.0000 0.03695328818674534
0.0000 0.0983 0.0916 0.1899 1.0000 0.03695328818674534
0.0000 0.0983 0.0911 0.1893 1.0000 0.03695328818674534
0.0000 0.0982 0.0906 0.1888 1.0000 0.03695328818674534
0.0000 0.0982 0.0901 0.1883 1.0000 0.03695328818674534
0.0000 0.0981 0.0896 0.1878 1.0000 0.03695328818674534
0.0000 0.0981 0.0892 0.1873 1.0000 0.03695328818674534
0.0000 0.0981 0.0887 0.1868 1.0000 0.03695328818674534
0.0000 0.0980 0.0882 0.1863 0.4179 0.036285366197953604
0.0000 0.0980 0.0878 0.1858 0.4179 0.036285366197953604
0.0000 0.0980 0.0873 0.1853 1.0000 0.036285366197953604
0.0000 0.0979 0.0869 0.1848 1.0000 0.036285366197953604
0.0000 0.0979 0.0864 0.1843 1.0000 0.036285366197953604
0.0000 0.0978 0.0860 0.1838 1.0000 0.036285366197953604
0.0000 0.0978 0.0856 0.1834 1.0000 0.036285366197953604
0.0000 0.0978 0.0851 0.1829 1.0000 0.036285366197953604
0.0000 0.0977 0.0847 0.1824 1.0000 0.036285366197953604
0.0000 0.0977 0.0843 0.1820 1.0000 0.036285366197953604
0.0000 0.0977 0.0838 0.1815 0.4076 0.035611780985068016
0.0000 0.0976 0.0834 0.1811 0.4076 0.035611780985068016
0.0000 0.0976 0.0830 0.1806 1.0000 0.035611780985068016
0.0000 0.0976 0.0826 0.1802 1.0000 0.035611780985068016
0.0000 0.0975 0.0822 0.1797 1.0000 0.035611780985068016
0.0000 0.0975 0.0818 0.1793 1.0000 0.035611780985068016
0.0027 0.0975 0.0813 0.1815 1.0000 0.035611780985068016
0.0000 0.1236 0.2056 0.3292 1.0000 0.035611780985068016
0.0000 0.1071 0.2262 0.3332 0.9987 0.035611780985068016
0.0000 0.0917 0.2404 0.3321 0.9987 0.035611780985068016
0.0000 0.0901 0.2589 0.3489 0.7368 0.08337722642832018
0.0000 0.0893 0.2759 0.3652 0.7368 0.08337722642832018
0.0000 0.0889 0.2903 0.3791 1.0000 0.08337722642832018
0.0000 0.0885 0.2995 0.3880 1.0000 0.08337722642832018
0.0000 0.0883 0.3033 0.3915 1.0000 0.08337722642832018
0.0000 0.0881 0.3026 0.3907 1.0000 0.08337722642832018
0.0000 0.0880 0.2978 0.3858 1.0000 0.08337722642832018
0.0000 0.0879 0.2898 0.3777 1.0000 0.08337722642832018
0.0000 0.0878 0.2800 0.3678 1.0000 0.08337722642832018
0.0000 0.0878 0.2689 0.3566 1.0000 0.08337722642832018
0.0000 0.0877 0.2568 0.3445 0.2690 0.028670458086848562
0.0000 0.0877 0.2446 0.3323 0.2690 0.028670458086848562
0.0000 0.0878 0.2323 0.3201 1.0000 0.028670458086848562
0.0000 0.0879 0.2200 0.3079 1.0000 0.028670458086848562
0.0000 0.0880 0.2082 0.2962 1.0000 0.028670458086848562
0.0000 0.0883 0.1968 0.2851 1.0000 0.028670458086848562
0.0000 0.0886 0.1857 0.2743 1.0000 0.028670458086848562
0.0000 0.0888 0.1756 0.2644 1.0000 0.028670458086848562
0.0000 0.0891 0.1664 0.2555 1.0000 0.028670458086848562
0.0000 0.0894 0.1582 0.2475 1.0000 0.028670458086848562
0.0000 0.0897 0.1507 0.2404 0.2147 0.02687369957040876
0.0000 0.0901 0.1438 0.2339 0.2147 0.02687369957040876
0.0000 0.0905 0.1372 0.2277 1.0000 0.02687369957040876
0.0000 0.0911 0.1308 0.2219 1.0000 0.02687369957040876
0.0000 0.0917 0.1248 0.2165 1.0000 0.02687369957040876
0.0000 0.0923 0.1196 0.2119 1.0000 0.02687369957040876
0.0000 0.0929 0.1148 0.2078 1.0000 0.02687369957040876
0.0000 0.0935 0.1104 0.2039 1.0000 0.02687369957040876
0.0000 0.0940 0.1064 0.2004 1.0000 0.02687369957040876
0.0000 0.0945 0.1028 0.1973 1.0000 0.02687369957040876
0.0000 0.0949 0.0996 0.1945 0.2426 0.027817419439547415
0.0000 0.0953 0.0966 0.1919 0.2426 0.027817419439547415
0.0000 0.0956 0.0941 0.1897 1.0000 0.027817419439547415
0.0000 0.0959 0.0917 0.1876 1.0000 0.027817419439547415
0.0000 0.0961 0.0896 0.1856 1.0000 0.027817419439547415
0.0000 0.0962 0.0876 0.1837 1.0000 0.027817419439547415
0.0000 0.0963 0.0857 0.1820 1.0000 0.027817419439547415
0.0000 0.0963 0.0842 0.1805 1.0000 0.027817419439547415
0.0000 0.0963 0.0827 0.1790 1.0000 0.027817419439547415
0.0000 0.0964 0.0813 0.1776 1.0000 0.027817419439547415
0.0000 0.0964 0.0800 0.1764 0.2106 0.02673079159826626
0.0000 0.0964 0.0788 0.1751 0.2106 0.02673079159826626
0.0000 0.0964 0.0776 0.1739 1.0000 0.02673079159826626
0.0000 0.0964 0.0764 0.1728 1.0000 0.02673079159826626
0.0000 0.0964 0.0753 0.1717 1.0000 0.02673079159826626
0.0000 0.0964 0.0743 0.1707 1.0000 0.02673079159826626
0.0000 0.0964 0.0733 0.1697 1.0000 0.02673079159826626
0.0000 0.0964 0.0723 0.1688 1.0000 0.02673079159826626
0.0000 0.0964 0.0714 0.1679 1.0000 0.02673079159826626
0.0000 0.0964 0.0706 0.1670 1.0000 0.02673079159826626
0.0000 0.0963 0.0698 0.1661 0.2013 0.02639984781699833
0.0000 0.0963 0.0690 0.1653 0.2013 0.02639984781699833
0.0000 0.0962 0.0683 0.1645 1.0000 0.02639984781699833
0.0000 0.0962 0.0677 0.1638 1.0000 0.02639984781699833
0.0000 0.0961 0.0670 0.1631 1.0000 0.02639984781699833
0.0000 0.0961 0.0664 0.1624 1.0000 0.02639984781699833
0.0000 0.0959 0.0658 0.1618 1.0000 0.02639984781699833
0.0000 0.0958 0.0653 0.1612 1.0000 0.02639984781699833
0.0000 0.0957 0.0648 0.1605 1.0000 0.02639984781699833
0.0000 0.0956 0.0643 0.1600 1.0000 0.02639984781699833
0.0000 0.0955 0.0638 0.1594 0.2128 0.026690225015905178
0.0000 0.0954 0.0634 0.1588 0.2128 0.026690225015905178
0.0000 0.0953 0.0630 0.1583 1.0000 0.026690225015905178
0.0000 0.0952 0.0626 0.1578 1.0000 0.026690225015905178
0.0000 0.0951 0.0622 0.1572 1.0000 0.026690225015905178
0.0000 0.0950 0.0618 0.1568 1.0000 0.026690225015905178
0.0000 0.0948 0.0614 0.1563 1.0000 0.026690225015905178
0.0000 0.0947 0.0611 0.1558 1.0000 0.026690225015905178
0.0000 0.0946 0.0607 0.1554 1.0000 0.026690225015905178
0.0000 0.0945 0.0604 0.1549 1.0000 0.026690225015905178
0.0000 0.0944 0.0600 0.1545 0.2423 0.02778624002267204
0.0000 0.0943 0.0597 0.1540 0.2423 0.02778624002267204
0.0000 0.0942 0.0594 0.1536 1.0000 0.02778624002267204
0.0000 0.0941 0.0591 0.1532 1.0000 0.02778624002267204
0.0000 0.0940 0.0588 0.1527 1.0000 0.02778624002267204
0.0000 0.0939 0.0585 0.1523 1.0000 0.02778624002267204
0.0000 0.0937 0.0582 0.1519 1.0000 0.02778624002267204
0.0000 0.0936 0.0579 0.1515 1.0000 0.02778624002267204
0.0000 0.0935 0.0576 0.1511 1.0000 0.02778624002267204
0.0000 0.0933 0.0574 0.1507 1.0000 0.02778624002267204
0.0000 0.0932 0.0571 0.1503 0.2669 0.0288125905382499
0.0000 0.0931 0.0569 0.1499 0.2669 0.0288125905382499
0.0000 0.0929 0.0566 0.1495 1.0000 0.0288125905382499
0.0000 0.0928 0.0564 0.1492 1.0000 0.0288125905382499
0.0000 0.0926 0.0561 0.1488 1.0000 0.0288125905382499
0.0000 0.0925 0.0559 0.1484 1.0000 0.0288125905382499
0.0000 0.0923 0.0557 0.1480 1.0000 0.0288125905382499
0.0000 0.0922 0.0555 0.1476 1.0000 0.0288125905382499
0.0000 0.0920 0.0552 0.1472 1.0000 0.0288125905382499
0.0000 0.0918 0.0550 0.1469 1.0000 0.0288125905382499
0.0000 0.0916 0.0548 0.1465 0.2845 0.02956928223914551
0.0000 0.0915 0.0546 0.1461 0.2845 0.02956928223914551
0.0000 0.0913 0.0544 0.1457 1.0000 0.02956928223914551
0.0000 0.0911 0.0542 0.1453 1.0000 0.02956928223914551
0.0000 0.0909 0.0540 0.1449 1.0000 0.02956928223914551
0.0000 0.0907 0.0539 0.1446 1.0000 0.02956928223914551
0.0000 0.0905 0.0537 0.1442 1.0000 0.02956928223914551
0.0000 0.0902 0.0535 0.1438 1.0000 0.02956928223914551
0.0000 0.0900 0.0533 0.1434 1.0000 0.02956928223914551
0.0000 0.0898 0.0532 0.1430 1.0000 0.02956928223914551
0.0000 0.0895 0.0530 0.1426 0.2870 0.029637740987786515
0.0000 0.0893 0.0529 0.1421 0.2870 0.029637740987786515
0.0000 0.0890 0.0527 0.1417 1.0000 0.029637740987786515
0.0000 0.0887 0.0526 0.1413 1.0000 0.029637740987786515
0.0000 0.0884 0.0525 0.1409 1.0000 0.029637740987786515
0.0000 0.0881 0.0523 0.1405 1.0000 0.029637740987786515
0.0000 0.0878 0.0522 0.1400 1.0000 0.029637740987786515
0.0000 0.0875 0.0521 0.1396 1.0000 0.029637740987786515
0.0000 0.0872 0.0519 0.1391 1.0000 0.029637740987786515
0.0000 0.0868 0.0518 0.1387 1.0000 0.029637740987786515
0.0000 0.0865 0.0517 0.1382 0.2960 0.029957395561094533
0.0000 0.0861 0.0516 0.1377 0.2960 0.029957395561094533
0.0000 0.0857 0.0515 0.1372 1.0000 0.029957395561094533
0.0000 0.0853 0.0514 0.1367 1.0000 0.029957395561094533
0.0000 0.0849 0.0514 0.1362 1.0000 0.029957395561094533
0.0000 0.0844 0.0513 0.1357 1.0000 0.029957395561094533
0.0000 0.0840 0.0512 0.1352 1.0000 0.029957395561094533
0.0000 0.0835 0.0511 0.1346 1.0000 0.029957395561094533
0.0000 0.0830 0.0511 0.1341 1.0000 0.029957395561094533
0.0000 0.0825 0.0510 0.1335 1.0000 0.029957395561094533
0.0000 0.0820 0.0510 0.1329 0.3028 0.030101352956317176
0.0000 0.0814 0.0509 0.1323 0.3028 0.030101352956317176
0.0000 0.0808 0.0509 0.1317 1.0000 0.030101352956317176
0.0000 0.0802 0.0509 0.1311 1.0000 0.030101352956317176
0.0000 0.0796 0.0509 0.1305 1.0000 0.030101352956317176
0.0000 0.0789 0.0509 0.1298 1.0000 0.030101352956317176
0.0000 0.0782 0.0509 0.1291 1.0000 0.030101352956317176
0.0000 0.0775 0.0509 0.1284 1.0000 0.030101352956317176
0.0000 0.0768 0.0509 0.1277 1.0000 0.030101352956317176
0.0000 0.0760 0.0509 0.1270 1.0000 0.030101352956317176
0.0000 0.0752 0.0510 0.1262 0.3147 0.03049730619227713
0.0000 0.0744 0.0510 0.1254 0.3147 0.03049730619227713
0.0000 0.0735 0.0511 0.1246 1.0000 0.03049730619227713
0.0000 0.0726 0.0511 0.1238 1.0000 0.03049730619227713
0.0000 0.0717 0.0512 0.1229 1.0000 0.03049730619227713
0.0000 0.0708 0.0513 0.1221 1.0000 0.03049730619227713
0.0000 0.0698 0.0514 0.1212 1.0000 0.03049730619227713
0.0000 0.0687 0.0515 0.1202 1.0000 0.03049730619227713
0.0000 0.0677 0.0516 0.1193 1.0000 0.03049730619227713
0.0000 0.0666 0.0517 0.1183 1.0000 0.03049730619227713
0.0000 0.0655 0.0518 0.1173 0.3092 0.030271382062022366
0.0000 0.0643 0.0520 0.1163 0.3092 0.030271382062022366
0.0000 0.0631 0.0521 0.1152 1.0000 0.030271382062022366
0.0000 0.0619 0.0523 0.1141 1.0000 0.030271382062022366
0.0000 0.0606 0.0524 0.1130 1.0000 0.030271382062022366
0.0000 0.0593 0.0526 0.1119 1.0000 0.030271382062022366
0.0000 0.0580 0.0528 0.1108 1.0000 0.030271382062022366
0.0000 0.0566 0.0530 0.1096 1.0000 0.030271382062022366
0.0000 0.0553 0.0532 0.1084 1.0000 0.030271382062022366
0.0000 0.0539 0.0533 0.1072 1.0000 0.030271382062022366
0.0000 0.0524 0.0535 0.1060 0.2945 0.029629095531787237
0.0000 0.0510 0.0538 0.1047 0.2945 0.029629095531787237
0.0000 0.0495 0.0540 0.1035 1.0000 0.029629095531787237
0.0000 0.0479 0.0542 0.1022 1.0000 0.029629095531787237
0.0000 0.0464 0.0545 0.1008 1.0000 0.029629095531787237
0.0000 0.0447 0.0547 0.0995 1.0000 0.029629095531787237
0.0000 0.0431 0.0550 0.0981 1.0000 0.029629095531787237
0.0000 0.0414 0.0553 0.0967 1.0000 0.029629095531787237
0.0000 0.0396 0.0556 0.0952 1.0000 0.029629095531787237
0.0000 0.0378 0.0558 0.0936 1.0000 0.029629095531787237
0.0000 0.0359 0.0561 0.0921 0.2697 0.028690762975538783
0.0000 0.0341 0.0564 0.0905 0.2697 0.028690762975538783
0.0000 0.0322 0.0567 0.0889 1.0000 0.028690762975538783
0.0000 0.0304 0.0568 0.0873 1.0000 0.028690762975538783
0.0000 0.0287 0.0570 0.0857 1.0000 0.028690762975538783
0.0000 0.0270 0.0571 0.0842 1.0000 0.028690762975538783
0.0000 0.0254 0.0572 0.0826 1.0000 0.028690762975538783
0.0000 0.0237 0.0574 0.0811 1.0000 0.028690762975538783
0.0000 0.0222 0.0575 0.0797 1.0000 0.028690762975538783
0.0000 0.0207 0.0576 0.0783 1.0000 0.028690762975538783
0.0067 0.0193 0.0576 0.0837 0.7917 0.23782246419919717
0.0000 0.0209 0.0753 0.0962 0.7917 0.23782246419919717
0.0000 0.0203 0.0850 0.1053 1.0000 0.23782246419919717
0.0000 0.0181 0.0902 0.1083 1.0000 0.23782246419919717
0.0000 0.0164 0.0926 0.1090 1.0000 0.23782246419919717
0.0000 0.0153 0.0940 0.1093 1.0000 0.23782246419919717
0.0000 0.0144 0.0956 0.1101 1.0000 0.23782246419919717
0.0000 0.0138 0.0972 0.1109 1.0000 0.23782246419919717
0.0000 0.0133 0.0981 0.1114 1.0000 0.23782246419919717
0.0000 0.0129 0.0982 0.1111 1.0000 0.23782246419919717
0.0000 0.0127 0.0977 0.1104 0.3229 0.03093334399597196
0.0000 0.0125 0.0964 0.1089 0.3229 0.03093334399597196
0.0000 0.0123 0.0947 0.1070 1.0000 0.03093334399597196
0.0000 0.0123 0.0927 0.1049 1.0000 0.03093334399597196
0.0000 0.0123 0.0905 0.1027 1.0000 0.03093334399597196
0.0000 0.0123 0.0882 0.1005 1.0000 0.03093334399597196
0.0000 0.0124 0.0858 0.0982 1.0000 0.03093334399597196
0.0000 0.0126 0.0833 0.0959 1.0000 0.03093334399597196
0.0000 0.0126 0.0810 0.0936 1.0000 0.03093334399597196
0.0000 0.0127 0.0787 0.0915 1.0000 0.03093334399597196
0.0000 0.0129 0.0765 0.0894 0.1744 0.025864497912871143
0.0000 0.0130 0.0743 0.0873 0.1744 0.025864497912871143
0.0000 0.0131 0.0723 0.0854 1.0000 0.025864497912871143
0.0000 0.0132 0.0705 0.0837 1.0000 0.025864497912871143
0.0000 0.0134 0.0687 0.0820 1.0000 0.025864497912871143
0.0000 0.0135 0.0670 0.0805 1.0000 0.025864497912871143
0.0000 0.0136 0.0653 0.0790 1.0000 0.025864497912871143
0.0000 0.0137 0.0638 0.0776 1.0000 0.025864497912871143
0.0000 0.0138 0.0624 0.0762 1.0000 0.025864497912871143
0.0000 0.0138 0.0612 0.0750 1.0000 0.025864497912871143
0.0000 0.0138 0.0601 0.0739 0.2263 0.02736563397300404
0.0000 0.0138 0.0590 0.0728 0.2263 0.02736563397300404
0.0000 0.0138 0.0581 0.0718 1.0000 0.02736563397300404
0.0000 0.0137 0.0572 0.0709 1.0000 0.02736563397300404
0.0000 0.0136 0.0564 0.0700 1.0000 0.02736563397300404
0.0000 0.0135 0.0556 0.0691 1.0000 0.02736563397300404
0.0000 0.0134 0.0549 0.0683 1.0000 0.02736563397300404
0.0000 0.0132 0.0542 0.0675 1.0000 0.02736563397300404
0.0000 0.0131 0.0536 0.0667 1.0000 0.02736563397300404
0.0000 0.0129 0.0531 0.0660 1.0000 0.02736563397300404
0.0000 0.0127 0.0526 0.0653 0.2291 0.02739383944009187
0.0000 0.0125 0.0521 0.0646 0.2291 0.02739383944009187
0.0000 0.0123 0.0517 0.0640 1.0000 0.02739383944009187
0.0000 0.0121 0.0513 0.0633 1.0000 0.02739383944009187
0.0000 0.0119 0.0509 0.0627 1.0000 0.02739383944009187
0.0000 0.0117 0.0505 0.0622 1.0000 0.02739383944009187
0.0000 0.0115 0.0501 0.0616 1.0000 0.02739383944009187
0.0000 0.0113 0.0498 0.0611 1.0000 0.02739383944009187
0.0000 0.0112 0.0494 0.0606 1.0000 0.02739383944009187
0.0000 0.0110 0.0491 0.0601 1.0000 0.02739383944009187
0.0000 0.0109 0.0487 0.0596 0.2142 0.02690146959010011
0.0000 0.0107 0.0484 0.0591 0.2142 0.02690146959010011
0.0000 0.0106 0.0480 0.0586 1.0000 0.02690146959010011
0.0000 0.0105 0.0477 0.0582 1.0000 0.02690146959010011
0.0000 0.0104 0.0474 0.0578 1.0000 0.02690146959010011
0.0000 0.0103 0.0471 0.0573 1.0000 0.02690146959010011
0.0000 0.0101 0.0468 0.0569 1.0000 0.02690146959010011
0.0000 0.0100 0.0465 0.0565 1.0000 0.02690146959010011
0.0000 0.0100 0.0462 0.0561 1.0000 0.02690146959010011
0.0000 0.0099 0.0459 0.0558 1.0000 0.02690146959010011
0.0000 0.0098 0.0456 0.0554 0.2100 0.026869297746254215
0.0000 0.0097 0.0454 0.0551 0.2100 0.026869297746254215
0.0000 0.0096 0.0451 0.0547 1.0000 0.026869297746254215
0.0000 0.0095 0.0449 0.0544 1.0000 0.026869297746254215
0.0000 0.0094 0.0447 0.0540 1.0000 0.026869297746254215
0.0000 0.0093 0.0444 0.0537 1.0000 0.026869297746254215
0.0000 0.0092 0.0442 0.0534 1.0000 0.026869297746254215
0.0000 0.0091 0.0440 0.0531 1.0000 0.026869297746254215
0.0000 0.0090 0.0438 0.0528 1.0000 0.026869297746254215
0.0000 0.0089 0.0435 0.0525 1.0000 0.026869297746254215
0.0000 0.0089 0.0433 0.0522 0.2157 0.027157216678189176
0.0000 0.0088 0.0431 0.0519 0.2157 0.027157216678189176
0.0000 0.0087 0.0429 0.0516 1.0000 0.027157216678189176
0.0000 0.0087 0.0427 0.0514 1.0000 0.027157216678189176
0.0000 0.0086 0.0425 0.0511 1.0000 0.027157216678189176
0.0000 0.0086 0.0423 0.0508 1.0000 0.027157216678189176
0.0000 0.0085 0.0421 0.0506 1.0000 0.027157216678189176
0.0000 0.0084 0.0419 0.0503 1.0000 0.027157216678189176
0.0000 0.0084 0.0417 0.0500 1.0000 0.027157216678189176
0.0000 0.0083 0.0415 0.0498 1.0000 0.027157216678189176
0.0000 0.0083 0.0413 0.0495 0.2217 0.0273423245431807
0.0000 0.0082 0.0411 0.0493 0.2217 0.0273423245431807
0.0000 0.0082 0.0409 0.0491 1.0000 0.0273423245431807
0.0000 0.0081 0.0407 0.0488 1.0000 0.0273423245431807
0.0000 0.0081 0.0405 0.0486 1.0000 0.0273423245431807
0.0000 0.0080 0.0403 0.0484 1.0000 0.0273423245431807
0.0000 0.0080 0.0401 0.0481 1.0000 0.0273423245431807
0.0000 0.0079 0.0400 0.0479 1.0000 0.0273423245431807
0.0000 0.0079 0.0398 0.0477 1.0000 0.0273423245431807
0.0000 0.0079 0.0396 0.0475 1.0000 0.0273423245431807
0.0000 0.0078 0.0394 0.0473 0.2231 0.027397108748165065
0.0000 0.0078 0.0393 0.0470 0.2231 0.027397108748165065
0.0000 0.0077 0.0391 0.0468 1.0000 0.027397108748165065
0.0000 0.0077 0.0389 0.0466 1.0000 0.027397108748165065
0.0000 0.0077 0.0388 0.0464 1.0000 0.027397108748165065
0.0000 0.0076 0.0386 0.0462 1.0000 0.027397108748165065
0.0000 0.0076 0.0384 0.0460 1.0000 0.027397108748165065
0.0000 0.0076 0.0382 0.0458 1.0000 0.027397108748165065
0.0000 0.0075 0.0381 0.0456 1.0000 0.027397108748165065
0.0000 0.0075 0.0379 0.0454 1.0000 0.027397108748165065
