0.2802 0.6829 20.4236 21.3867 0.7438 0.094855577345368
0.3128 0.6635 15.5085 16.4848 0.7438 0.094855577345368
0.3334 0.6490 12.2083 13.1907 0.9639 0.094855577345368
0.3398 0.6375 9.8988 10.8761 0.9639 0.094855577345368
0.3308 0.6281 8.2116 9.1705 0.9145 0.094855577345368
0.3056 0.6202 6.9475 7.8734 0.9145 0.094855577345368
0.2672 0.6138 5.9909 6.8719 0.8993 0.094855577345368
0.2175 0.6090 5.2444 6.0709 0.8993 0.094855577345368
0.1598 0.6059 4.6812 5.4469 0.9093 0.094855577345368
0.0985 0.6041 4.2328 4.9354 0.9093 0.094855577345368
0.0422 0.6033 3.8515 4.4971 0.6355 0.06118403473673254
0.0000 0.6033 3.5797 4.1830 0.6355 0.06118403473673254
0.0000 0.6043 3.3576 3.9619 0.9409 0.06118403473673254
0.0000 0.6055 3.1701 3.7756 0.9409 0.06118403473673254
0.0000 0.6063 2.9992 3.6055 0.9486 0.06118403473673254
0.0000 0.6061 2.8342 3.4403 0.9486 0.06118403473673254
0.0000 0.6039 2.6776 3.2815 0.9547 0.06118403473673254
0.0000 0.5992 2.5446 3.1437 0.9547 0.06118403473673254
0.0000 0.5915 2.4163 3.0078 0.9622 0.06118403473673254
0.0126 0.5810 2.2946 2.8881 0.9622 0.06118403473673254
0.0000 0.5678 2.1783 2.7462 0.5580 0.050758733495827074
0.0000 0.5518 2.0663 2.6181 0.5580 0.050758733495827074
0.0000 0.5328 1.9649 2.4976 0.9913 0.050758733495827074
0.0000 0.5110 1.8745 2.3856 0.9913 0.050758733495827074
0.0000 0.4870 1.7922 2.2792 0.9955 0.050758733495827074
0.0000 0.4610 1.7087 2.1698 0.9955 0.050758733495827074
0.0000 0.4336 1.6296 2.0633 0.9973 0.050758733495827074
0.0000 0.4055 1.5676 1.9730 0.9973 0.050758733495827074
0.0125 0.3771 1.5095 1.8991 0.9983 0.050758733495827074
0.0000 0.3478 1.4611 1.8089 0.9983 0.050758733495827074
0.0000 0.3197 1.4191 1.7387 0.5597 0.05038259388092106
0.0000 0.2937 1.3805 1.6742 0.5597 0.05038259388092106
0.0000 0.2701 1.3400 1.6101 0.9991 0.05038259388092106
0.0000 0.2491 1.3013 1.5505 0.9991 0.05038259388092106
0.0000 0.2308 1.2612 1.4920 0.9989 0.05038259388092106
0.0000 0.2152 1.2192 1.4344 0.9989 0.05038259388092106
0.0000 0.2020 1.1769 1.3790 0.9988 0.05038259388092106
0.0000 0.1908 1.1393 1.3301 0.9988 0.05038259388092106
0.0000 0.1812 1.1059 1.2871 0.9988 0.05038259388092106
0.0000 0.1729 1.0722 1.2451 0.9988 0.05038259388092106
0.0000 0.1655 1.0403 1.2058 0.5166 0.04589097420726168
0.0000 0.1592 1.0105 1.1697 0.5166 0.04589097420726168
0.0000 0.1537 0.9843 1.1380 0.9989 0.04589097420726168
0.0056 0.1490 0.9560 1.1107 0.9989 0.04589097420726168
0.0000 0.1435 0.9321 1.0756 0.9992 0.04589097420726168
0.0000 0.1390 0.9098 1.0489 0.9992 0.04589097420726168
0.0000 0.1354 0.8887 1.0241 0.9991 0.04589097420726168
0.0000 0.1325 0.8700 1.0025 0.9991 0.04589097420726168
0.0000 0.1302 0.8491 0.9793 0.9993 0.04589097420726168
0.0000 0.1285 0.8283 0.9568 0.9993 0.04589097420726168
0.0000 0.1272 0.8080 0.9352 0.4897 0.04293064217833405
0.0000 0.1263 0.7873 0.9136 0.4897 0.04293064217833405
0.0000 0.1256 0.7656 0.8911 0.9993 0.04293064217833405
0.0000 0.1251 0.7461 0.8712 0.9993 0.04293064217833405
0.0000 0.1246 0.7275 0.8521 0.9995 0.04293064217833405
0.0000 0.1242 0.7106 0.8347 0.9995 0.04293064217833405
0.0000 0.1238 0.6943 0.8180 0.9998 0.04293064217833405
0.0000 0.1233 0.6789 0.8022 0.9998 0.04293064217833405
0.0000 0.1227 0.6652 0.7879 0.9998 0.04293064217833405
0.0000 0.1220 0.6501 0.7721 0.9998 0.04293064217833405
0.0000 0.1214 0.6375 0.7588 0.5111 0.04470069610240183
0.0016 0.1207 0.6243 0.7466 0.5111 0.04470069610240183
0.0000 0.1187 0.6178 0.7364 0.9998 0.04470069610240183
0.0000 0.1169 0.6143 0.7312 0.9998 0.04470069610240183
0.0000 0.1155 0.6077 0.7232 0.9998 0.04470069610240183
0.0000 0.1145 0.5994 0.7139 0.9998 0.04470069610240183
0.0000 0.1139 0.5884 0.7023 0.9998 0.04470069610240183
0.0000 0.1137 0.5773 0.6910 0.9998 0.04470069610240183
0.0000 0.1138 0.5655 0.6793 0.9998 0.04470069610240183
0.0000 0.1142 0.5555 0.6697 0.9998 0.04470069610240183
0.0000 0.1145 0.5473 0.6618 0.5300 0.04633647182796782
0.0000 0.1149 0.5351 0.6500 0.5300 0.04633647182796782
0.0000 0.1151 0.5256 0.6407 0.9998 0.04633647182796782
0.0000 0.1151 0.5161 0.6312 0.9998 0.04633647182796782
0.0000 0.1151 0.5089 0.6241 0.9998 0.04633647182796782
0.0000 0.1151 0.5000 0.6151 0.9998 0.04633647182796782
0.0000 0.1150 0.4914 0.6063 0.9998 0.04633647182796782
0.0000 0.1148 0.4824 0.5972 0.9998 0.04633647182796782
0.0000 0.1147 0.4757 0.5904 0.9998 0.04633647182796782
0.0000 0.1145 0.4679 0.5824 0.9998 0.04633647182796782
0.0000 0.1144 0.4611 0.5755 0.5425 0.04753907697458991
0.0000 0.1142 0.4542 0.5684 0.5425 0.04753907697458991
0.0000 0.1140 0.4495 0.5635 0.9998 0.04753907697458991
0.0000 0.1135 0.4427 0.5562 0.9998 0.04753907697458991
0.0000 0.1129 0.4390 0.5520 0.9998 0.04753907697458991
0.0000 0.1127 0.4337 0.5464 0.9998 0.04753907697458991
0.0000 0.1123 0.4294 0.5417 0.9998 0.04753907697458991
0.0000 0.1120 0.4244 0.5364 0.9998 0.04753907697458991
0.0000 0.1118 0.4229 0.5347 0.9998 0.04753907697458991
0.0000 0.1114 0.4172 0.5286 0.9998 0.04753907697458991
0.0000 0.1110 0.4133 0.5243 0.5601 0.04953556321261131
0.0000 0.1105 0.4138 0.5243 0.5601 0.04953556321261131
0.0029 0.1100 0.4093 0.5222 0.9998 0.04953556321261131
0.0000 0.1083 0.4140 0.5222 0.9998 0.04953556321261131
0.0000 0.1068 0.4231 0.5299 0.9998 0.04953556321261131
0.0000 0.1056 0.4222 0.5278 0.9998 0.04953556321261131
0.0000 0.1049 0.4261 0.5310 0.9998 0.04953556321261131
0.0000 0.1043 0.4189 0.5233 0.9998 0.04953556321261131
0.0000 0.1041 0.4171 0.5212 0.9998 0.04953556321261131
0.0000 0.1043 0.4168 0.5211 0.9998 0.04953556321261131
0.0000 0.1045 0.4133 0.5178 0.5908 0.0535737071300066
0.0000 0.1047 0.4090 0.5137 0.5908 0.0535737071300066
0.0000 0.1053 0.4085 0.5137 0.9998 0.0535737071300066
0.0000 0.1055 0.4078 0.5134 0.9998 0.0535737071300066
0.0000 0.1057 0.4023 0.5080 0.9998 0.0535737071300066
0.0000 0.1058 0.4018 0.5076 0.9998 0.0535737071300066
0.0000 0.1057 0.4012 0.5069 0.9998 0.0535737071300066
0.0000 0.1055 0.3974 0.5029 0.9998 0.0535737071300066
0.0000 0.1050 0.3988 0.5039 0.9998 0.0535737071300066
0.0000 0.1046 0.3995 0.5042 0.9998 0.0535737071300066
0.0000 0.1042 0.3977 0.5019 0.6088 0.05591243823400242
0.0000 0.1040 0.3978 0.5017 0.6088 0.05591243823400242
0.0000 0.1038 0.3954 0.4992 0.9998 0.05591243823400242
0.0000 0.1037 0.3923 0.4960 0.9998 0.05591243823400242
0.0000 0.1035 0.3898 0.4933 0.9998 0.05591243823400242
0.0000 0.1033 0.3894 0.4927 0.9998 0.05591243823400242
0.0000 0.1031 0.3829 0.4861 0.9998 0.05591243823400242
0.0000 0.1032 0.3866 0.4898 0.9998 0.05591243823400242
0.0000 0.1029 0.3837 0.4866 0.9998 0.05591243823400242
0.0000 0.1026 0.3794 0.4820 0.9998 0.05591243823400242
0.0000 0.1023 0.3814 0.4836 0.6363 0.0602995824775771
0.0000 0.1022 0.3808 0.4830 0.6363 0.0602995824775771
0.0000 0.1022 0.3764 0.4785 0.9998 0.0602995824775771
0.0000 0.1022 0.3760 0.4782 0.9998 0.0602995824775771
0.0000 0.1021 0.3717 0.4737 0.9998 0.0602995824775771
0.0000 0.1019 0.3682 0.4701 0.9998 0.0602995824775771
0.0000 0.1019 0.3690 0.4709 0.9998 0.0602995824775771
0.0000 0.1016 0.3711 0.4727 0.9998 0.0602995824775771
0.0000 0.1014 0.3646 0.4660 0.9998 0.0602995824775771
0.0000 0.1012 0.3712 0.4724 0.9998 0.0602995824775771
0.0000 0.1011 0.3613 0.4625 0.6546 0.06317432134940956
0.0000 0.1014 0.3595 0.4609 0.6546 0.06317432134940956
0.0072 0.1015 0.3635 0.4721 0.9998 0.06317432134940956
0.0000 0.1001 0.3650 0.4651 0.9998 0.06317432134940956
0.0000 0.0991 0.3651 0.4642 0.9998 0.06317432134940956
0.0000 0.0985 0.3667 0.4651 0.9998 0.06317432134940956
0.0000 0.0981 0.3705 0.4686 0.9998 0.06317432134940956
0.0000 0.0979 0.3721 0.4700 0.9998 0.06317432134940956
0.0000 0.0977 0.3625 0.4603 0.9998 0.06317432134940956
0.0000 0.0978 0.3565 0.4542 0.9998 0.06317432134940956
0.0000 0.0980 0.3485 0.4465 0.6726 0.06776919614634483
0.0000 0.0986 0.3529 0.4514 0.6726 0.06776919614634483
0.0000 0.0988 0.3473 0.4461 0.9998 0.06776919614634483
0.0000 0.0990 0.3427 0.4416 0.9998 0.06776919614634483
0.0000 0.0991 0.3448 0.4439 0.9998 0.06776919614634483
0.0000 0.0992 0.3263 0.4256 0.9998 0.06776919614634483
0.0000 0.0993 0.3268 0.4261 0.9998 0.06776919614634483
0.0000 0.0994 0.3267 0.4261 0.9998 0.06776919614634483
0.0000 0.0996 0.3253 0.4249 0.9998 0.06776919614634483
0.0000 0.0996 0.3187 0.4183 0.9998 0.06776919614634483
0.0000 0.0994 0.3157 0.4151 0.6845 0.07006938253897743
0.0000 0.0991 0.3197 0.4188 0.6845 0.07006938253897743
0.0000 0.0990 0.3178 0.4168 0.9998 0.07006938253897743
0.0000 0.0989 0.3198 0.4188 0.9998 0.07006938253897743
0.0000 0.0989 0.3226 0.4215 0.9998 0.07006938253897743
0.0000 0.0989 0.3204 0.4193 0.9998 0.07006938253897743
0.0000 0.0989 0.3162 0.4151 0.9998 0.07006938253897743
0.0000 0.0989 0.3194 0.4182 0.9998 0.07006938253897743
0.0000 0.0989 0.3146 0.4135 0.9998 0.07006938253897743
0.0000 0.0988 0.3149 0.4137 0.9998 0.07006938253897743
0.0000 0.0986 0.3193 0.4180 0.7038 0.07523475763542478
0.0000 0.0985 0.3146 0.4130 0.7038 0.07523475763542478
0.0000 0.0984 0.3112 0.4096 0.9998 0.07523475763542478
0.0000 0.0984 0.3104 0.4088 0.9998 0.07523475763542478
0.0000 0.0984 0.3068 0.4052 0.9998 0.07523475763542478
0.0000 0.0984 0.3119 0.4104 0.9998 0.07523475763542478
0.0000 0.0983 0.3019 0.4002 0.9998 0.07523475763542478
0.0000 0.0982 0.3068 0.4050 0.9998 0.07523475763542478
0.0000 0.0980 0.3082 0.4062 0.9998 0.07523475763542478
0.0000 0.0979 0.3039 0.4018 0.9998 0.07523475763542478
0.0000 0.0977 0.3013 0.3990 0.7338 0.08468745142786997
0.0000 0.0977 0.2999 0.3976 0.7338 0.08468745142786997
0.0000 0.0977 0.2964 0.3941 1.0000 0.08468745142786997
0.0000 0.0978 0.2916 0.3894 1.0000 0.08468745142786997
0.0124 0.0979 0.2918 0.4021 0.9998 0.08468745142786997
0.0000 0.0954 0.3023 0.3977 0.9998 0.08468745142786997
0.0000 0.0934 0.3150 0.4084 1.0000 0.08468745142786997
0.0000 0.0921 0.3201 0.4123 1.0000 0.08468745142786997
0.0000 0.0913 0.3302 0.4215 1.0000 0.08468745142786997
0.0000 0.0910 0.3321 0.4231 1.0000 0.08468745142786997
0.0000 0.0909 0.3284 0.4193 0.7397 0.08741153939130902
0.0000 0.0910 0.3241 0.4151 0.7397 0.08741153939130902
0.0000 0.0913 0.3188 0.4100 1.0000 0.08741153939130902
0.0000 0.0917 0.3143 0.4060 1.0000 0.08741153939130902
0.0000 0.0921 0.3076 0.3996 1.0000 0.08741153939130902
0.0000 0.0926 0.3059 0.3985 1.0000 0.08741153939130902
0.0000 0.0930 0.2956 0.3886 1.0000 0.08741153939130902
0.0000 0.0934 0.2915 0.3849 1.0000 0.08741153939130902
0.0000 0.0939 0.2869 0.3808 1.0000 0.08741153939130902
0.0000 0.0942 0.2833 0.3775 1.0000 0.08741153939130902
0.0000 0.0944 0.2838 0.3782 0.7499 0.0896378434903827
0.0000 0.0944 0.2770 0.3714 0.7499 0.0896378434903827
0.0000 0.0943 0.2774 0.3718 1.0000 0.0896378434903827
0.0000 0.0942 0.2744 0.3685 1.0000 0.0896378434903827
0.0000 0.0939 0.2731 0.3670 1.0000 0.0896378434903827
0.0000 0.0936 0.2693 0.3628 1.0000 0.0896378434903827
0.0000 0.0934 0.2686 0.3620 1.0000 0.0896378434903827
0.0000 0.0933 0.2673 0.3606 1.0000 0.0896378434903827
0.0000 0.0932 0.2682 0.3615 1.0000 0.0896378434903827
0.0000 0.0931 0.2617 0.3548 1.0000 0.0896378434903827
0.0000 0.0931 0.2636 0.3567 0.7492 0.0908026583430854
0.0000 0.0931 0.2570 0.3501 0.7492 0.0908026583430854
0.0000 0.0932 0.2554 0.3486 1.0000 0.0908026583430854
0.0000 0.0931 0.2556 0.3487 1.0000 0.0908026583430854
0.0000 0.0927 0.2544 0.3472 1.0000 0.0908026583430854
0.0000 0.0926 0.2516 0.3442 1.0000 0.0908026583430854
0.0000 0.0924 0.2556 0.3481 1.0000 0.0908026583430854
0.0000 0.0923 0.2528 0.3452 1.0000 0.0908026583430854
0.0000 0.0923 0.2509 0.3432 1.0000 0.0908026583430854
0.0000 0.0923 0.2525 0.3448 1.0000 0.0908026583430854
0.0000 0.0924 0.2472 0.3396 0.7660 0.10074055158086852
0.0000 0.0924 0.2513 0.3437 0.7660 0.10074055158086852
0.0000 0.0921 0.2504 0.3424 1.0000 0.10074055158086852
0.0000 0.0918 0.2512 0.3431 1.0000 0.10074055158086852
0.0000 0.0916 0.2462 0.3378 1.0000 0.10074055158086852
0.0000 0.0914 0.2469 0.3383 1.0000 0.10074055158086852
0.0000 0.0912 0.2463 0.3375 1.0000 0.10074055158086852
0.0000 0.0910 0.2402 0.3312 1.0000 0.10074055158086852
0.0000 0.0908 0.2445 0.3352 1.0000 0.10074055158086852
0.0000 0.0906 0.2404 0.3310 1.0000 0.10074055158086852
0.0000 0.0905 0.2407 0.3313 0.7893 0.11546486240124204
0.0000 0.0904 0.2436 0.3340 0.7893 0.11546486240124204
0.0000 0.0902 0.2449 0.3351 1.0000 0.11546486240124204
0.0000 0.0900 0.2423 0.3323 1.0000 0.11546486240124204
0.0000 0.0897 0.2409 0.3305 1.0000 0.11546486240124204
0.0000 0.0893 0.2405 0.3298 1.0000 0.11546486240124204
0.0000 0.0890 0.2413 0.3302 1.0000 0.11546486240124204
0.0000 0.0885 0.2351 0.3236 1.0000 0.11546486240124204
0.0000 0.0881 0.2347 0.3228 1.0000 0.11546486240124204
0.0000 0.0876 0.2401 0.3277 1.0000 0.11546486240124204
0.0000 0.0869 0.2390 0.3259 0.8098 0.14074404134130164
0.0000 0.0865 0.2355 0.3220 0.8098 0.14074404134130164
0.0000 0.0861 0.2395 0.3256 1.0000 0.14074404134130164
0.0000 0.0860 0.2390 0.3251 1.0000 0.14074404134130164
0.0000 0.0858 0.2422 0.3280 1.0000 0.14074404134130164
0.0000 0.0855 0.2411 0.3266 1.0000 0.14074404134130164
0.0000 0.0849 0.2372 0.3221 1.0000 0.14074404134130164
0.0000 0.0842 0.2381 0.3224 1.0000 0.14074404134130164
0.0000 0.0837 0.2368 0.3205 1.0000 0.14074404134130164
0.0000 0.0829 0.2349 0.3178 1.0000 0.14074404134130164
0.0000 0.0821 0.2357 0.3179 0.8062 0.1346076005038747
0.0000 0.0813 0.2386 0.3199 0.8062 0.1346076005038747
0.0000 0.0805 0.2362 0.3166 1.0000 0.1346076005038747
0.0000 0.0799 0.2405 0.3204 1.0000 0.1346076005038747
0.0000 0.0794 0.2403 0.3197 1.0000 0.1346076005038747
0.0000 0.0790 0.2369 0.3158 1.0000 0.1346076005038747
0.0000 0.0779 0.2411 0.3191 1.0000 0.1346076005038747
0.0000 0.0769 0.2374 0.3143 1.0000 0.1346076005038747
0.0000 0.0757 0.2361 0.3118 1.0000 0.1346076005038747
0.0000 0.0747 0.2342 0.3089 1.0000 0.1346076005038747
0.0000 0.0736 0.2343 0.3079 0.8214 0.1610070991276079
0.0000 0.0725 0.2377 0.3102 0.8214 0.1610070991276079
0.0000 0.0714 0.2374 0.3089 1.0000 0.1610070991276079
0.0000 0.0703 0.2331 0.3035 1.0000 0.1610070991276079
0.0000 0.0690 0.2361 0.3051 1.0000 0.1610070991276079
0.0000 0.0676 0.2314 0.2990 1.0000 0.1610070991276079
0.0000 0.0659 0.2351 0.3010 1.0000 0.1610070991276079
0.0000 0.0642 0.2307 0.2949 1.0000 0.1610070991276079
0.0000 0.0626 0.2317 0.2943 1.0000 0.1610070991276079
0.0000 0.0607 0.2315 0.2922 1.0000 0.1610070991276079
0.0000 0.0589 0.2298 0.2887 0.8260 0.17438445477477793
0.0000 0.0573 0.2264 0.2837 0.8260 0.17438445477477793
0.0000 0.0554 0.2287 0.2842 1.0000 0.17438445477477793
0.0000 0.0530 0.2299 0.2829 1.0000 0.17438445477477793
0.0024 0.0505 0.2273 0.2802 1.0000 0.17438445477477793
0.0000 0.0484 0.2302 0.2786 1.0000 0.17438445477477793
0.0000 0.0458 0.2361 0.2820 1.0000 0.17438445477477793
0.0000 0.0435 0.2405 0.2840 1.0000 0.17438445477477793
0.0000 0.0416 0.2452 0.2868 1.0000 0.17438445477477793
0.0000 0.0401 0.2470 0.2871 1.0000 0.17438445477477793
0.0000 0.0389 0.2418 0.2806 0.7856 0.11368184359507671
0.0000 0.0377 0.2407 0.2784 0.7856 0.11368184359507671
0.0000 0.0369 0.2374 0.2743 1.0000 0.11368184359507671
0.0000 0.0361 0.2348 0.2709 1.0000 0.11368184359507671
0.0000 0.0352 0.2326 0.2678 1.0000 0.11368184359507671
0.0000 0.0341 0.2288 0.2629 1.0000 0.11368184359507671
0.0000 0.0327 0.2265 0.2592 1.0000 0.11368184359507671
0.0000 0.0309 0.2236 0.2545 1.0000 0.11368184359507671
0.0000 0.0289 0.2215 0.2504 1.0000 0.11368184359507671
0.0000 0.0268 0.2175 0.2443 1.0000 0.11368184359507671
0.0000 0.0247 0.2157 0.2404 0.7592 0.09640779141002312
0.0000 0.0225 0.2133 0.2358 0.7592 0.09640779141002312
0.0000 0.0208 0.2150 0.2357 1.0000 0.09640779141002312
0.0000 0.0196 0.2119 0.2315 1.0000 0.09640779141002312
0.0000 0.0189 0.2157 0.2346 1.0000 0.09640779141002312
0.0000 0.0183 0.2147 0.2330 1.0000 0.09640779141002312
0.0000 0.0181 0.2131 0.2311 1.0000 0.09640779141002312
0.0000 0.0179 0.2144 0.2323 1.0000 0.09640779141002312
0.0000 0.0177 0.2140 0.2317 1.0000 0.09640779141002312
0.0000 0.0174 0.2124 0.2298 1.0000 0.09640779141002312
0.0000 0.0168 0.2120 0.2288 0.7799 0.11290262237532409
0.0000 0.0162 0.2098 0.2259 0.7799 0.11290262237532409
0.0000 0.0155 0.2083 0.2238 1.0000 0.11290262237532409
0.0000 0.0149 0.2056 0.2206 1.0000 0.11290262237532409
0.0000 0.0144 0.2040 0.2184 1.0000 0.11290262237532409
0.0000 0.0140 0.2033 0.2173 1.0000 0.11290262237532409
0.0000 0.0134 0.1975 0.2109 1.0000 0.11290262237532409
0.0000 0.0131 0.1953 0.2084 1.0000 0.11290262237532409
0.0000 0.0130 0.1957 0.2087 1.0000 0.11290262237532409
0.0000 0.0127 0.1980 0.2107 1.0000 0.11290262237532409
0.0000 0.0122 0.1956 0.2079 0.7975 0.12710820205139517
0.0000 0.0119 0.1953 0.2073 0.7975 0.12710820205139517
0.0000 0.0118 0.1926 0.2044 1.0000 0.12710820205139517
0.0000 0.0117 0.1906 0.2022 1.0000 0.12710820205139517
0.0000 0.0116 0.1914 0.2030 1.0000 0.12710820205139517
0.0000 0.0113 0.1901 0.2014 1.0000 0.12710820205139517
0.0000 0.0109 0.1879 0.1988 1.0000 0.12710820205139517
0.0000 0.0107 0.1860 0.1967 1.0000 0.12710820205139517
0.0000 0.0105 0.1861 0.1966 1.0000 0.12710820205139517
0.0000 0.0102 0.1873 0.1975 1.0000 0.12710820205139517
0.0000 0.0099 0.1862 0.1961 0.8140 0.14903204864993483
0.0000 0.0097 0.1895 0.1991 0.8140 0.14903204864993483
0.0000 0.0095 0.1907 0.2002 1.0000 0.14903204864993483
0.0079 0.0094 0.1903 0.2077 1.0000 0.14903204864993483
0.0000 0.0076 0.1965 0.2041 1.0000 0.14903204864993483
0.0000 0.0064 0.2047 0.2111 1.0000 0.14903204864993483
0.0000 0.0058 0.2090 0.2148 1.0000 0.14903204864993483
0.0000 0.0058 0.2139 0.2197 1.0000 0.14903204864993483
0.0000 0.0064 0.2133 0.2197 1.0000 0.14903204864993483
0.0000 0.0071 0.2137 0.2208 1.0000 0.14903204864993483
0.0000 0.0079 0.2115 0.2194 0.8430 0.2618846123899034
0.0000 0.0089 0.2066 0.2155 0.8430 0.2618846123899034
0.0000 0.0099 0.2053 0.2152 1.0000 0.2618846123899034
0.0000 0.0107 0.2000 0.2107 1.0000 0.2618846123899034
0.0000 0.0114 0.1971 0.2085 1.0000 0.2618846123899034
0.0000 0.0120 0.1937 0.2057 1.0000 0.2618846123899034
0.0000 0.0122 0.1931 0.2053 1.0000 0.2618846123899034
0.0000 0.0120 0.1898 0.2019 1.0000 0.2618846123899034
0.0000 0.0116 0.1875 0.1991 1.0000 0.2618846123899034
0.0000 0.0110 0.1871 0.1981 1.0000 0.2618846123899034
0.0000 0.0104 0.1835 0.1939 0.8130 0.1481444287976298
0.0000 0.0098 0.1846 0.1944 0.8130 0.1481444287976298
0.0000 0.0092 0.1822 0.1914 1.0000 0.1481444287976298
0.0000 0.0086 0.1806 0.1892 1.0000 0.1481444287976298
0.0000 0.0081 0.1796 0.1877 1.0000 0.1481444287976298
0.0000 0.0077 0.1799 0.1876 1.0000 0.1481444287976298
0.0000 0.0073 0.1786 0.1860 1.0000 0.1481444287976298
0.0000 0.0070 0.1798 0.1868 1.0000 0.1481444287976298
0.0000 0.0069 0.1779 0.1848 1.0000 0.1481444287976298
0.0000 0.0069 0.1758 0.1827 1.0000 0.1481444287976298
0.0000 0.0069 0.1748 0.1817 0.7972 0.12530517812604355
0.0000 0.0070 0.1735 0.1805 0.7972 0.12530517812604355
0.0000 0.0071 0.1704 0.1775 1.0000 0.12530517812604355
0.0000 0.0073 0.1680 0.1753 1.0000 0.12530517812604355
0.0000 0.0075 0.1635 0.1710 1.0000 0.12530517812604355
0.0000 0.0078 0.1607 0.1685 1.0000 0.12530517812604355
0.0000 0.0080 0.1580 0.1660 1.0000 0.12530517812604355
0.0000 0.0080 0.1566 0.1647 1.0000 0.12530517812604355
0.0000 0.0079 0.1549 0.1628 1.0000 0.12530517812604355
0.0000 0.0075 0.1553 0.1628 1.0000 0.12530517812604355
0.0000 0.0072 0.1508 0.1580 0.8131 0.1455358028188382
0.0000 0.0071 0.1524 0.1595 0.8131 0.1455358028188382
0.0000 0.0070 0.1520 0.1590 1.0000 0.1455358028188382
0.0000 0.0070 0.1513 0.1583 1.0000 0.1455358028188382
0.0000 0.0070 0.1535 0.1605 1.0000 0.1455358028188382
0.0000 0.0070 0.1510 0.1580 1.0000 0.1455358028188382
0.0000 0.0070 0.1490 0.1560 1.0000 0.1455358028188382
0.0000 0.0070 0.1500 0.1570 1.0000 0.1455358028188382
0.0000 0.0069 0.1479 0.1548 1.0000 0.1455358028188382
0.0000 0.0069 0.1473 0.1542 1.0000 0.1455358028188382
0.0000 0.0069 0.1458 0.1526 0.8240 0.1706921013470284
0.0000 0.0069 0.1445 0.1513 0.8240 0.1706921013470284
0.0000 0.0069 0.1427 0.1495 1.0000 0.1706921013470284
0.0000 0.0068 0.1426 0.1494 1.0000 0.1706921013470284
0.0000 0.0068 0.1426 0.1494 1.0000 0.1706921013470284
0.0000 0.0068 0.1411 0.1479 1.0000 0.1706921013470284
0.0000 0.0067 0.1410 0.1477 1.0000 0.1706921013470284
0.0000 0.0067 0.1408 0.1475 1.0000 0.1706921013470284
0.0000 0.0067 0.1402 0.1469 1.0000 0.1706921013470284
0.0000 0.0067 0.1408 0.1476 1.0000 0.1706921013470284
0.0000 0.0069 0.1393 0.1462 0.8256 0.1804391278537433
0.0000 0.0065 0.1415 0.1480 0.8256 0.1804391278537433
0.0000 0.0062 0.1409 0.1471 1.0000 0.1804391278537433
0.0000 0.0060 0.1428 0.1488 1.0000 0.1804391278537433
0.0000 0.0059 0.1426 0.1485 1.0000 0.1804391278537433
0.0000 0.0071 0.1446 0.1518 1.0000 0.1804391278537433
0.0000 0.0059 0.1399 0.1458 1.0000 0.1804391278537433
0.0000 0.0061 0.1406 0.1466 1.0000 0.1804391278537433
0.0000 0.0063 0.1381 0.1444 1.0000 0.1804391278537433
0.0000 0.0065 0.1383 0.1448 1.0000 0.1804391278537433
0.0000 0.0064 0.1358 0.1422 0.8340 0.2165353546099099
0.0000 0.0063 0.1366 0.1428 0.8340 0.2165353546099099
0.0000 0.0061 0.1353 0.1414 1.0000 0.2165353546099099
0.0000 0.0059 0.1345 0.1404 1.0000 0.2165353546099099
0.0000 0.0058 0.1327 0.1385 1.0000 0.2165353546099099
0.0000 0.0057 0.1331 0.1388 1.0000 0.2165353546099099
0.0000 0.0057 0.1302 0.1359 1.0000 0.2165353546099099
0.0000 0.0057 0.1321 0.1378 1.0000 0.2165353546099099
0.0000 0.0057 0.1294 0.1351 1.0000 0.2165353546099099
0.0000 0.0058 0.1292 0.1350 1.0000 0.2165353546099099
0.0000 0.0059 0.1281 0.1340 0.8261 0.1861642507997343
0.0000 0.0060 0.1256 0.1316 0.8261 0.1861642507997343
0.0000 0.0061 0.1241 0.1301 1.0000 0.1861642507997343
0.0000 0.0062 0.1222 0.1284 1.0000 0.1861642507997343
0.0000 0.0061 0.1194 0.1256 1.0000 0.1861642507997343
0.0000 0.0060 0.1183 0.1243 1.0000 0.1861642507997343
0.0000 0.0058 0.1154 0.1212 1.0000 0.1861642507997343
0.0000 0.0056 0.1152 0.1209 1.0000 0.1861642507997343
0.0000 0.0056 0.1138 0.1193 1.0000 0.1861642507997343
0.0000 0.0055 0.1103 0.1158 1.0000 0.1861642507997343
0.0000 0.0056 0.1086 0.1142 0.8125 0.1586054622300193
0.0000 0.0058 0.1085 0.1143 0.8125 0.1586054622300193
0.0000 0.0060 0.1057 0.1118 1.0000 0.1586054622300193
0.0000 0.0062 0.1053 0.1115 1.0000 0.1586054622300193
0.0000 0.0063 0.1028 0.1091 1.0000 0.1586054622300193
0.0000 0.0062 0.1017 0.1080 1.0000 0.1586054622300193
0.0000 0.0061 0.0998 0.1059 1.0000 0.1586054622300193
0.0000 0.0059 0.0982 0.1041 1.0000 0.1586054622300193
0.0000 0.0058 0.0970 0.1028 1.0000 0.1586054622300193
0.0000 0.0058 0.0972 0.1030 1.0000 0.1586054622300193
0.0000 0.0059 0.0957 0.1016 0.8170 0.16736242296588696
0.0000 0.0059 0.0934 0.0993 0.8170 0.16736242296588696
0.0000 0.0059 0.0919 0.0978 1.0000 0.16736242296588696
0.0000 0.0060 0.0899 0.0959 1.0000 0.16736242296588696
0.0000 0.0061 0.0897 0.0957 1.0000 0.16736242296588696
0.0000 0.0060 0.0883 0.0943 1.0000 0.16736242296588696
0.0000 0.0059 0.0872 0.0931 1.0000 0.16736242296588696
0.0000 0.0058 0.0845 0.0903 1.0000 0.16736242296588696
0.0000 0.0058 0.0825 0.0883 1.0000 0.16736242296588696
0.0000 0.0058 0.0818 0.0876 1.0000 0.16736242296588696
0.0000 0.0058 0.0801 0.0858 0.8063 0.14429739190334773
0.0000 0.0058 0.0780 0.0838 0.8063 0.14429739190334773
0.0000 0.0059 0.0764 0.0823 1.0000 0.14429739190334773
0.0000 0.0059 0.0746 0.0805 1.0000 0.14429739190334773
0.0000 0.0060 0.0721 0.0781 1.0000 0.14429739190334773
0.0000 0.0059 0.0715 0.0774 1.0000 0.14429739190334773
0.0000 0.0059 0.0694 0.0754 1.0000 0.14429739190334773
0.0000 0.0059 0.0674 0.0733 1.0000 0.14429739190334773
0.0000 0.0059 0.0668 0.0727 1.0000 0.14429739190334773
0.0000 0.0058 0.0642 0.0700 1.0000 0.14429739190334773
0.0000 0.0057 0.0627 0.0684 0.7637 0.10088637791770427
0.0000 0.0056 0.0615 0.0671 0.7637 0.10088637791770427
0.0000 0.0055 0.0598 0.0653 1.0000 0.10088637791770427
0.0000 0.0054 0.0582 0.0636 1.0000 0.10088637791770427
0.0000 0.0054 0.0561 0.0615 1.0000 0.10088637791770427
0.0000 0.0054 0.0549 0.0603 1.0000 0.10088637791770427
0.0000 0.0054 0.0541 0.0596 1.0000 0.10088637791770427
0.0000 0.0054 0.0522 0.0576 1.0000 0.10088637791770427
0.0000 0.0053 0.0504 0.0558 1.0000 0.10088637791770427
0.0000 0.0053 0.0479 0.0532 1.0000 0.10088637791770427
0.0000 0.0051 0.0462 0.0513 0.7343 0.08688758908523378
0.0000 0.0050 0.0442 0.0492 0.7343 0.08688758908523378
0.0000 0.0048 0.0424 0.0473 1.0000 0.08688758908523378
0.0000 0.0047 0.0409 0.0456 1.0000 0.08688758908523378
0.0000 0.0046 0.0387 0.0434 1.0000 0.08688758908523378
0.0000 0.0046 0.0362 0.0408 1.0000 0.08688758908523378
0.0000 0.0046 0.0339 0.0385 1.0000 0.08688758908523378
0.0000 0.0046 0.0318 0.0363 1.0000 0.08688758908523378
0.0000 0.0045 0.0299 0.0344 1.0000 0.08688758908523378
0.0000 0.0044 0.0275 0.0319 1.0000 0.08688758908523378
0.0000 0.0043 0.0258 0.0301 0.7429 0.09114668975651843
0.0000 0.0041 0.0242 0.0282 0.7429 0.09114668975651843
0.0000 0.0049 0.0229 0.0279 1.0000 0.09114668975651843
0.0000 0.0041 0.0253 0.0294 1.0000 0.09114668975651843
0.0000 0.0151 0.0325 0.0476 1.0000 0.09114668975651843
0.0000 0.0038 0.0385 0.0422 1.0000 0.09114668975651843
0.0000 0.0009 0.0438 0.0447 1.0000 0.09114668975651843
0.0000 0.0006 0.0465 0.0470 1.0000 0.09114668975651843
0.0000 0.0005 0.0463 0.0468 1.0000 0.09114668975651843
0.0000 0.0006 0.0431 0.0437 1.0000 0.09114668975651843
0.0000 0.0008 0.0384 0.0392 0.8428 0.2188487236302184
0.0000 0.0014 0.0341 0.0355 0.8428 0.2188487236302184
0.0000 0.0026 0.0307 0.0332 1.0000 0.2188487236302184
0.0000 0.0055 0.0280 0.0335 1.0000 0.2188487236302184
0.0000 0.0096 0.0253 0.0349 1.0000 0.2188487236302184
0.0000 0.0108 0.0225 0.0333 1.0000 0.2188487236302184
0.0000 0.0077 0.0246 0.0323 1.0000 0.2188487236302184
0.0000 0.0047 0.0288 0.0335 1.0000 0.2188487236302184
0.0000 0.0038 0.0314 0.0352 1.0000 0.2188487236302184
0.0000 0.0033 0.0384 0.0417 1.0000 0.2188487236302184
0.0000 0.0034 0.0407 0.0440 0.7560 0.09300652863673503
0.0000 0.0034 0.0377 0.0410 0.7560 0.09300652863673503
0.0000 0.0030 0.0347 0.0377 1.0000 0.09300652863673503
0.0000 0.0027 0.0322 0.0350 1.0000 0.09300652863673503
0.0000 0.0026 0.0338 0.0364 1.0000 0.09300652863673503
0.0000 0.0030 0.0338 0.0368 1.0000 0.09300652863673503
0.0000 0.0024 0.0266 0.0290 1.0000 0.09300652863673503
0.0000 0.0023 0.0238 0.0261 1.0000 0.09300652863673503
0.0000 0.0029 0.0245 0.0274 1.0000 0.09300652863673503
0.0000 0.0039 0.0238 0.0277 1.0000 0.09300652863673503
0.0000 0.0049 0.0217 0.0266 0.7321 0.08300888576384688
0.0000 0.0049 0.0226 0.0276 0.7321 0.08300888576384688
0.0000 0.0052 0.0218 0.0270 1.0000 0.08300888576384688
0.0000 0.0065 0.0215 0.0281 1.0000 0.08300888576384688
0.0000 0.0072 0.0235 0.0307 1.0000 0.08300888576384688
0.0000 0.0061 0.0249 0.0309 1.0000 0.08300888576384688
0.0000 0.0051 0.0203 0.0255 1.0000 0.08300888576384688
0.0000 0.0045 0.0199 0.0244 1.0000 0.08300888576384688
0.0000 0.0035 0.0200 0.0235 1.0000 0.08300888576384688
0.0000 0.0030 0.0217 0.0248 1.0000 0.08300888576384688
0.0000 0.0032 0.0213 0.0245 0.8631 0.3341115743819941
0.0000 0.0035 0.0199 0.0234 0.8631 0.3341115743819941
0.0000 0.0040 0.0198 0.0238 1.0000 0.3341115743819941
0.0000 0.0046 0.0188 0.0234 1.0000 0.3341115743819941
0.0000 0.0055 0.0166 0.0221 1.0000 0.3341115743819941
0.0000 0.0063 0.0165 0.0228 1.0000 0.3341115743819941
0.0000 0.0071 0.0177 0.0248 1.0000 0.3341115743819941
0.0000 0.0060 0.0165 0.0225 1.0000 0.3341115743819941
0.0000 0.0044 0.0181 0.0226 1.0000 0.3341115743819941
0.0000 0.0044 0.0197 0.0241 1.0000 0.3341115743819941
